gyro_x,gyro_y,gyro_z,accel_x,accel_y,accel_z,Label
7.455000,-1.636250,1.146250,0.871141,0.144936,0.493490,Dumbbell_ Shoulder_Shrug_221805058
8.146250,-1.662500,0.507500,0.875289,0.140910,0.501237,Dumbbell_ Shoulder_Shrug_221805058
8.461250,-1.697500,-0.113750,0.877668,0.134383,0.506422,Dumbbell_ Shoulder_Shrug_221805058
9.117500,-1.478750,-0.988750,0.881999,0.128039,0.512827,Dumbbell_ Shoulder_Shrug_221805058
9.248750,-1.470000,-1.653750,0.883646,0.122305,0.513925,Dumbbell_ Shoulder_Shrug_221805058
9.388750,-1.312500,-2.397500,0.884805,0.116022,0.518927,Dumbbell_ Shoulder_Shrug_221805058
9.143750,-1.146250,-2.940000,0.884805,0.112423,0.518012,Dumbbell_ Shoulder_Shrug_221805058
8.653750,-1.198750,-2.992500,0.881389,0.107482,0.518195,Dumbbell_ Shoulder_Shrug_221805058
8.260000,-0.770000,-3.132500,0.880108,0.104127,0.515328,Dumbbell_ Shoulder_Shrug_221805058
7.805000,-0.980000,-3.010000,0.881999,0.101443,0.513925,Dumbbell_ Shoulder_Shrug_221805058
7.262500,-1.260000,-3.010000,0.880657,0.099552,0.514474,Dumbbell_ Shoulder_Shrug_221805058
7.061250,-1.461250,-2.966250,0.881633,0.079849,0.511607,Dumbbell_ Shoulder_Shrug_221805058
6.580000,-1.793750,-2.852500,0.878888,0.089243,0.508374,Dumbbell_ Shoulder_Shrug_221805058
6.300000,-2.196250,-2.870000,0.876997,0.089182,0.504592,Dumbbell_ Shoulder_Shrug_221805058
5.976250,-2.336250,-2.852500,0.875655,0.088877,0.504592,Dumbbell_ Shoulder_Shrug_221805058
5.775000,-3.316250,-2.773750,0.877607,0.089304,0.508740,Dumbbell_ Shoulder_Shrug_221805058
5.363750,-3.675000,-2.380000,0.878400,0.089426,0.509655,Dumbbell_ Shoulder_Shrug_221805058
5.232500,-4.296250,-1.907500,0.880718,0.087474,0.513010,Dumbbell_ Shoulder_Shrug_221805058
4.996250,-4.506250,-1.470000,0.882670,0.088816,0.517463,Dumbbell_ Shoulder_Shrug_221805058
4.515000,-4.943750,-1.032500,0.886879,0.094184,0.528382,Dumbbell_ Shoulder_Shrug_221805058
4.103750,-5.363750,-0.656250,0.893345,0.097417,0.539606,Dumbbell_ Shoulder_Shrug_221805058
3.736250,-5.223750,-0.498750,0.894931,0.103944,0.544730,Dumbbell_ Shoulder_Shrug_221805058
3.605000,-4.838750,-0.411250,0.896212,0.107665,0.547414,Dumbbell_ Shoulder_Shrug_221805058
3.867500,-4.742500,-0.840000,0.893223,0.110166,0.552904,Dumbbell_ Shoulder_Shrug_221805058
3.946250,-4.095000,-0.840000,0.892857,0.112240,0.556015,Dumbbell_ Shoulder_Shrug_221805058
3.640000,-4.042500,-1.198750,0.893833,0.112728,0.561078,Dumbbell_ Shoulder_Shrug_221805058
2.861250,-2.905000,-1.050000,0.895968,0.113216,0.564555,Dumbbell_ Shoulder_Shrug_221805058
2.353750,-2.056250,-1.111250,0.893650,0.113155,0.563091,Dumbbell_ Shoulder_Shrug_221805058
2.152500,-1.452500,-1.093750,0.890234,0.110105,0.562664,Dumbbell_ Shoulder_Shrug_221805058
1.881250,-0.988750,-1.522500,0.884622,0.110288,0.561078,Dumbbell_ Shoulder_Shrug_221805058
1.601250,-0.848750,-1.811250,0.885415,0.111447,0.559492,Dumbbell_ Shoulder_Shrug_221805058
1.181250,-0.752500,-2.380000,0.888587,0.110410,0.564616,Dumbbell_ Shoulder_Shrug_221805058
0.481250,-0.630000,-2.782500,0.896639,0.115473,0.569557,Dumbbell_ Shoulder_Shrug_221805058
-1.006250,-0.332500,-3.193750,0.901275,0.118706,0.575474,Dumbbell_ Shoulder_Shrug_221805058
-1.995000,-0.367500,-3.937500,0.912438,0.122976,0.584136,Dumbbell_ Shoulder_Shrug_221805058
-2.765000,0.000000,-4.821250,0.924089,0.132126,0.593103,Dumbbell_ Shoulder_Shrug_221805058
-3.421250,-0.428750,-5.731250,0.939583,0.141032,0.601887,Dumbbell_ Shoulder_Shrug_221805058
-3.797500,-0.105000,-6.448750,0.946415,0.146461,0.605364,Dumbbell_ Shoulder_Shrug_221805058
-3.587500,-0.253750,-7.455000,0.942694,0.143838,0.604693,Dumbbell_ Shoulder_Shrug_221805058
-3.220000,-0.551250,-8.828750,0.940071,0.138104,0.600850,Dumbbell_ Shoulder_Shrug_221805058
-2.878750,-1.058750,-9.362500,0.936228,0.133712,0.604205,Dumbbell_ Shoulder_Shrug_221805058
-2.747500,-1.566250,-9.852500,0.932141,0.127856,0.603473,Dumbbell_ Shoulder_Shrug_221805058
-2.931250,-1.391250,-10.062500,0.923906,0.120719,0.602436,Dumbbell_ Shoulder_Shrug_221805058
-3.421250,-1.303750,-10.167500,0.918416,0.110776,0.600972,Dumbbell_ Shoulder_Shrug_221805058
-5.048750,-1.102500,-10.368750,0.911645,0.100711,0.600606,Dumbbell_ Shoulder_Shrug_221805058
-6.457500,-0.323750,-10.535000,0.911401,0.102297,0.603900,Dumbbell_ Shoulder_Shrug_221805058
-8.338750,-0.192500,-10.753750,0.927505,0.110471,0.610610,Dumbbell_ Shoulder_Shrug_221805058
-10.158750,0.700000,-10.771250,0.942267,0.121939,0.616588,Dumbbell_ Shoulder_Shrug_221805058
-12.092500,1.540000,-10.928750,0.955565,0.130784,0.621834,Dumbbell_ Shoulder_Shrug_221805058
-13.160000,2.441250,-11.620000,0.965508,0.137738,0.627507,Dumbbell_ Shoulder_Shrug_221805058
-13.518750,3.395000,-12.477500,0.971120,0.144082,0.626348,Dumbbell_ Shoulder_Shrug_221805058
-13.387500,3.587500,-13.177500,0.974414,0.146339,0.623237,Dumbbell_ Shoulder_Shrug_221805058
-12.950000,3.815000,-13.868750,0.974536,0.150426,0.621895,Dumbbell_ Shoulder_Shrug_221805058
-12.433750,4.025000,-14.157500,0.980514,0.155489,0.620248,Dumbbell_ Shoulder_Shrug_221805058
-12.241250,4.427500,-14.245000,0.985577,0.158783,0.621590,Dumbbell_ Shoulder_Shrug_221805058
-12.188750,4.987500,-14.332500,0.987773,0.155977,0.615917,Dumbbell_ Shoulder_Shrug_221805058
-12.066250,5.678750,-14.376250,0.982893,0.149389,0.605486,Dumbbell_ Shoulder_Shrug_221805058
-11.996250,5.906250,-14.603750,0.970693,0.140788,0.594201,Dumbbell_ Shoulder_Shrug_221805058
-11.515000,6.168750,-14.752500,0.956663,0.129747,0.582489,Dumbbell_ Shoulder_Shrug_221805058
-11.086250,6.177500,-14.630000,0.945561,0.120292,0.572607,Dumbbell_ Shoulder_Shrug_221805058
-11.217500,5.897500,-13.545000,0.934825,0.114741,0.565409,Dumbbell_ Shoulder_Shrug_221805058
-11.313750,5.416250,-12.390000,0.926102,0.113338,0.557601,Dumbbell_ Shoulder_Shrug_221805058
-11.182500,5.022500,-11.462500,0.910303,0.109983,0.546682,Dumbbell_ Shoulder_Shrug_221805058
-10.815000,3.753750,-10.858750,0.906582,0.106506,0.550220,Dumbbell_ Shoulder_Shrug_221805058
-10.447500,3.307500,-10.176250,0.911706,0.109800,0.559614,Dumbbell_ Shoulder_Shrug_221805058
-10.508750,2.826250,-9.590000,0.921344,0.122305,0.567727,Dumbbell_ Shoulder_Shrug_221805058
-10.325000,2.712500,-9.143750,0.927688,0.129503,0.573278,Dumbbell_ Shoulder_Shrug_221805058
-9.353750,3.053750,-9.292500,0.936777,0.132065,0.577670,Dumbbell_ Shoulder_Shrug_221805058
-8.260000,3.220000,-9.476250,0.946415,0.145485,0.582794,Dumbbell_ Shoulder_Shrug_221805058
-7.420000,3.447500,-9.353750,0.955016,0.159454,0.591761,Dumbbell_ Shoulder_Shrug_221805058
-6.326250,4.060000,-9.318750,0.953003,0.168055,0.594262,Dumbbell_ Shoulder_Shrug_221805058
-4.978750,4.996250,-9.660000,0.945256,0.165981,0.588406,Dumbbell_ Shoulder_Shrug_221805058
-3.123750,5.512500,-10.088750,0.935130,0.160369,0.581208,Dumbbell_ Shoulder_Shrug_221805058
-1.610000,5.705000,-10.325000,0.925187,0.157502,0.573705,Dumbbell_ Shoulder_Shrug_221805058
-0.560000,5.687500,-10.517500,0.916952,0.152622,0.565043,Dumbbell_ Shoulder_Shrug_221805058
0.577500,5.521250,-10.893750,0.903898,0.125965,0.556137,Dumbbell_ Shoulder_Shrug_221805058
2.380000,4.900000,-11.025000,0.893101,0.131150,0.559187,Dumbbell_ Shoulder_Shrug_221805058
3.027500,3.797500,-10.893750,0.895114,0.134566,0.568154,Dumbbell_ Shoulder_Shrug_221805058
3.053750,3.246250,-10.631250,0.902678,0.139141,0.576084,Dumbbell_ Shoulder_Shrug_221805058
3.438750,3.395000,-11.060000,0.902556,0.130906,0.578402,Dumbbell_ Shoulder_Shrug_221805058
4.121250,3.902500,-11.830000,0.903410,0.118950,0.580964,Dumbbell_ Shoulder_Shrug_221805058
4.208750,4.042500,-13.028750,0.904874,0.118096,0.591639,Dumbbell_ Shoulder_Shrug_221805058
3.622500,4.051250,-13.650000,0.903044,0.125660,0.590846,Dumbbell_ Shoulder_Shrug_221805058
3.587500,4.672500,-14.770000,0.892430,0.120841,0.580842,Dumbbell_ Shoulder_Shrug_221805058
4.558750,5.425000,-15.898750,0.876021,0.101931,0.561078,Dumbbell_ Shoulder_Shrug_221805058
5.372500,4.996250,-16.485001,0.862723,0.079849,0.549427,Dumbbell_ Shoulder_Shrug_221805058
5.687500,4.130000,-16.388750,0.854000,0.071248,0.546438,Dumbbell_ Shoulder_Shrug_221805058
4.331250,3.211250,-15.715000,0.853695,0.067954,0.543693,Dumbbell_ Shoulder_Shrug_221805058
2.887500,2.747500,-14.472500,0.861991,0.067771,0.550525,Dumbbell_ Shoulder_Shrug_221805058
0.691250,3.211250,-12.845000,0.888282,0.077165,0.562908,Dumbbell_ Shoulder_Shrug_221805058
-1.566250,3.377500,-11.235000,0.908107,0.092842,0.579012,Dumbbell_ Shoulder_Shrug_221805058
-2.843750,4.567500,-10.473750,0.908900,0.105469,0.582062,Dumbbell_ Shoulder_Shrug_221805058
-2.537500,4.952500,-11.768750,0.894077,0.103273,0.572058,Dumbbell_ Shoulder_Shrug_221805058
-1.050000,4.663750,-13.475000,0.869738,0.093635,0.561322,Dumbbell_ Shoulder_Shrug_221805058
0.638750,3.535000,-14.945000,0.854732,0.083509,0.552599,Dumbbell_ Shoulder_Shrug_221805058
1.382500,2.003750,-15.452500,0.847412,0.077958,0.545035,Dumbbell_ Shoulder_Shrug_221805058
1.312500,2.196250,-15.032500,0.838567,0.070028,0.534238,Dumbbell_ Shoulder_Shrug_221805058
0.997500,2.161250,-13.965000,0.830759,0.058682,0.524661,Dumbbell_ Shoulder_Shrug_221805058
0.026250,2.415000,-12.582500,0.831064,0.048739,0.526735,Dumbbell_ Shoulder_Shrug_221805058
-0.586250,1.933750,-10.876250,0.830576,0.056181,0.529419,Dumbbell_ Shoulder_Shrug_221805058
-1.338750,2.161250,-9.362500,0.834968,0.064477,0.529663,Dumbbell_ Shoulder_Shrug_221805058
-1.190000,2.152500,-8.391250,0.825147,0.067039,0.527650,Dumbbell_ Shoulder_Shrug_221805058
-0.761250,2.703750,-7.498750,0.810873,0.064599,0.519842,Dumbbell_ Shoulder_Shrug_221805058
0.595000,2.572500,-7.157500,0.796477,0.058011,0.513559,Dumbbell_ Shoulder_Shrug_221805058
1.767500,2.450000,-6.693750,0.794769,0.059048,0.515084,Dumbbell_ Shoulder_Shrug_221805058
2.196250,2.826250,-5.162500,0.800869,0.072285,0.524844,Dumbbell_ Shoulder_Shrug_221805058
2.082500,4.191250,-3.333750,0.803187,0.080825,0.522221,Dumbbell_ Shoulder_Shrug_221805058
2.607500,5.048750,-1.968750,0.795806,0.073566,0.518744,Dumbbell_ Shoulder_Shrug_221805058
5.320000,5.740000,-1.076250,0.787083,0.053375,0.515694,Dumbbell_ Shoulder_Shrug_221805058
7.323750,5.425000,-0.402500,0.782386,0.051484,0.520208,Dumbbell_ Shoulder_Shrug_221805058
8.785000,5.617500,0.726250,0.779702,0.055083,0.533445,Dumbbell_ Shoulder_Shrug_221805058
9.502500,6.466250,2.257500,0.782386,0.061976,0.541741,Dumbbell_ Shoulder_Shrug_221805058
9.458750,7.315000,4.217500,0.778726,0.062220,0.548329,Dumbbell_ Shoulder_Shrug_221805058
9.091250,8.758750,5.661250,0.780922,0.055022,0.556137,Dumbbell_ Shoulder_Shrug_221805058
8.487500,9.747500,6.527500,0.782142,0.050508,0.567178,Dumbbell_ Shoulder_Shrug_221805058
7.437500,10.447500,6.160000,0.781532,0.045689,0.574986,Dumbbell_ Shoulder_Shrug_221805058
5.766250,10.850000,5.048750,0.780434,0.043920,0.575535,Dumbbell_ Shoulder_Shrug_221805058
3.587500,10.893750,3.718750,0.790133,0.043432,0.589138,Dumbbell_ Shoulder_Shrug_221805058
1.085000,10.710000,2.625000,0.814594,0.054595,0.607987,Dumbbell_ Shoulder_Shrug_221805058
-4.401250,11.576250,2.108750,0.843630,0.095160,0.615124,Dumbbell_ Shoulder_Shrug_221805058
-7.043750,12.083750,1.303750,0.854732,0.107482,0.607194,Dumbbell_ Shoulder_Shrug_221805058
-7.262500,12.145000,-0.096250,0.849425,0.097661,0.596153,Dumbbell_ Shoulder_Shrug_221805058
-6.273750,11.707500,-1.321250,0.847778,0.094184,0.591578,Dumbbell_ Shoulder_Shrug_221805058
-5.652500,11.112500,-1.680000,0.852963,0.107726,0.593652,Dumbbell_ Shoulder_Shrug_221805058
-5.643750,10.736250,-1.128750,0.860283,0.127673,0.597739,Dumbbell_ Shoulder_Shrug_221805058
-5.022500,11.375000,-0.647500,0.857538,0.126026,0.596336,Dumbbell_ Shoulder_Shrug_221805058
-3.263750,11.375000,0.262500,0.855647,0.110471,0.604266,Dumbbell_ Shoulder_Shrug_221805058
-1.260000,11.305000,1.006250,0.857172,0.097478,0.617015,Dumbbell_ Shoulder_Shrug_221805058
0.140000,11.681250,1.767500,0.856379,0.092354,0.620004,Dumbbell_ Shoulder_Shrug_221805058
0.953750,12.355000,2.318750,0.847900,0.076799,0.621956,Dumbbell_ Shoulder_Shrug_221805058
2.065000,12.932500,2.380000,0.837042,0.052521,0.620492,Dumbbell_ Shoulder_Shrug_221805058
1.881250,13.238750,2.371250,0.815875,0.030927,0.613843,Dumbbell_ Shoulder_Shrug_221805058
1.015000,12.635000,2.406250,0.783362,0.020679,0.599264,Dumbbell_ Shoulder_Shrug_221805058
-0.332500,12.591250,2.345000,0.770003,0.013420,0.586088,Dumbbell_ Shoulder_Shrug_221805058
-1.618750,12.118750,2.677500,0.768051,0.008723,0.584929,Dumbbell_ Shoulder_Shrug_221805058
-3.438750,12.101250,4.252500,0.775249,0.013054,0.586637,Dumbbell_ Shoulder_Shrug_221805058
-5.495000,12.075000,5.328750,0.777689,0.021106,0.582367,Dumbbell_ Shoulder_Shrug_221805058
-6.641250,12.180000,5.853750,0.778482,0.022387,0.573583,Dumbbell_ Shoulder_Shrug_221805058
-6.501250,11.742500,6.090000,0.779946,0.017324,0.570716,Dumbbell_ Shoulder_Shrug_221805058
-6.020000,11.357500,6.851250,0.787022,0.026779,0.572546,Dumbbell_ Shoulder_Shrug_221805058
-5.232500,10.885000,8.137500,0.794098,0.056059,0.568520,Dumbbell_ Shoulder_Shrug_221805058
-3.631250,11.165000,9.887500,0.795501,0.062830,0.563335,Dumbbell_ Shoulder_Shrug_221805058
-0.875000,11.523750,11.891250,0.790987,0.057645,0.563091,Dumbbell_ Shoulder_Shrug_221805058
1.986250,11.383750,14.297500,0.788059,0.059292,0.569130,Dumbbell_ Shoulder_Shrug_221805058
4.663750,11.147500,17.036249,0.790316,0.069601,0.581391,Dumbbell_ Shoulder_Shrug_221805058
6.851250,11.655000,21.866249,0.793000,0.071370,0.591944,Dumbbell_ Shoulder_Shrug_221805058
9.222500,12.696250,22.408751,0.791658,0.063013,0.598837,Dumbbell_ Shoulder_Shrug_221805058
10.981250,13.956250,23.896250,0.784826,0.052338,0.605974,Dumbbell_ Shoulder_Shrug_221805058
11.760000,15.023750,24.998751,0.770552,0.047763,0.599752,Dumbbell_ Shoulder_Shrug_221805058
11.698750,15.618750,25.401251,0.753472,0.042090,0.592188,Dumbbell_ Shoulder_Shrug_221805058
11.760000,15.575000,25.488750,0.739015,0.030927,0.589870,Dumbbell_ Shoulder_Shrug_221805058
10.920000,14.953750,25.733749,0.732671,0.024400,0.591822,Dumbbell_ Shoulder_Shrug_221805058
8.968750,14.612500,26.162500,0.733647,0.031110,0.590968,Dumbbell_ Shoulder_Shrug_221805058
7.008750,14.481250,26.565001,0.737612,0.037820,0.587247,Dumbbell_ Shoulder_Shrug_221805058
5.381250,14.936250,26.626249,0.740967,0.040626,0.590541,Dumbbell_ Shoulder_Shrug_221805058
3.885000,14.463750,26.556250,0.744505,0.049776,0.595909,Dumbbell_ Shoulder_Shrug_221805058
2.371250,13.903750,26.302500,0.752740,0.063257,0.595177,Dumbbell_ Shoulder_Shrug_221805058
1.461250,13.615000,25.987499,0.756400,0.073627,0.594079,Dumbbell_ Shoulder_Shrug_221805058
1.023750,13.965000,25.593750,0.750849,0.077958,0.587369,Dumbbell_ Shoulder_Shrug_221805058
1.400000,14.061250,24.902500,0.746091,0.080215,0.580476,Dumbbell_ Shoulder_Shrug_221805058
1.863750,13.938750,24.508751,0.747006,0.081191,0.587796,Dumbbell_ Shoulder_Shrug_221805058
1.785000,14.078750,24.456249,0.763110,0.090341,0.604571,Dumbbell_ Shoulder_Shrug_221805058
-0.848750,14.586250,25.077499,0.785802,0.096380,0.614209,Dumbbell_ Shoulder_Shrug_221805058
-3.666250,15.548750,25.235001,0.796172,0.089548,0.611342,Dumbbell_ Shoulder_Shrug_221805058
-6.247500,16.397499,24.219999,0.789767,0.075640,0.594079,Dumbbell_ Shoulder_Shrug_221805058
-8.443750,16.388750,22.277500,0.787632,0.072285,0.580659,Dumbbell_ Shoulder_Shrug_221805058
-10.018750,14.936250,19.766251,0.782386,0.078629,0.566751,Dumbbell_ Shoulder_Shrug_221805058
-11.865000,13.107500,16.283751,0.784216,0.095038,0.555527,Dumbbell_ Shoulder_Shrug_221805058
-13.483750,11.672500,15.286250,0.781410,0.104310,0.541863,Dumbbell_ Shoulder_Shrug_221805058
-14.577500,10.281250,14.463750,0.773968,0.106445,0.529175,Dumbbell_ Shoulder_Shrug_221805058
-15.093750,7.691250,13.903750,0.762256,0.100833,0.516792,Dumbbell_ Shoulder_Shrug_221805058
-15.251250,6.300000,13.405000,0.758657,0.100467,0.514962,Dumbbell_ Shoulder_Shrug_221805058
-15.251250,5.486250,12.993750,0.752008,0.103090,0.513010,Dumbbell_ Shoulder_Shrug_221805058
-15.076250,4.742500,12.320000,0.749812,0.106445,0.511058,Dumbbell_ Shoulder_Shrug_221805058
-14.236250,4.357500,11.917500,0.746274,0.104859,0.511851,Dumbbell_ Shoulder_Shrug_221805058
-13.466250,4.217500,11.996250,0.740906,0.103639,0.517097,Dumbbell_ Shoulder_Shrug_221805058
-12.932500,4.042500,12.188750,0.743346,0.107970,0.521184,Dumbbell_ Shoulder_Shrug_221805058
-12.906250,4.313750,12.906250,0.748714,0.110471,0.526857,Dumbbell_ Shoulder_Shrug_221805058
-13.081250,5.092500,13.177500,0.757620,0.108336,0.540399,Dumbbell_ Shoulder_Shrug_221805058
-13.588750,5.425000,12.398750,0.759450,0.107299,0.544791,Dumbbell_ Shoulder_Shrug_221805058
-14.166250,6.002500,10.675000,0.753289,0.101077,0.533506,Dumbbell_ Shoulder_Shrug_221805058
-14.463750,5.180000,8.662500,0.740418,0.086559,0.523746,Dumbbell_ Shoulder_Shrug_221805058
-14.971250,3.832500,6.545000,0.727608,0.070882,0.512888,Dumbbell_ Shoulder_Shrug_221805058
-17.447500,2.432500,4.908750,0.721935,0.063013,0.507825,Dumbbell_ Shoulder_Shrug_221805058
-20.903749,1.400000,3.605000,0.724619,0.067283,0.503860,Dumbbell_ Shoulder_Shrug_221805058
-24.736250,0.498750,2.616250,0.738527,0.075274,0.508252,Dumbbell_ Shoulder_Shrug_221805058
-27.886250,0.105000,1.793750,0.766282,0.083753,0.512339,Dumbbell_ Shoulder_Shrug_221805058
-30.327499,-0.367500,0.682500,0.777323,0.095099,0.510082,Dumbbell_ Shoulder_Shrug_221805058
-31.184999,-1.513750,-0.918750,0.779702,0.105713,0.497760,Dumbbell_ Shoulder_Shrug_221805058
-30.318750,-3.062500,-3.902500,0.785131,0.110410,0.493917,Dumbbell_ Shoulder_Shrug_221805058
-28.752501,-4.585000,-4.830000,0.792207,0.120170,0.493124,Dumbbell_ Shoulder_Shrug_221805058
-27.195000,-6.641250,-4.716250,0.802516,0.132675,0.495991,Dumbbell_ Shoulder_Shrug_221805058
-25.278749,-6.606250,-3.858750,0.809653,0.141093,0.500627,Dumbbell_ Shoulder_Shrug_221805058
-22.723749,-7.000000,-2.747500,0.812459,0.135786,0.504043,Dumbbell_ Shoulder_Shrug_221805058
-18.07749-14.026250,-7.157500,0.936250,0.830698,0.127002,0.544242,Dumbbell_ Shoulder_Shrug_221805058
-13.413750,-6.256250,1.575000,0.853146,0.132858,0.562054,Dumbbell_ Shoulder_Shrug_221805058
-12.538750,-5.258750,2.117500,0.860100,0.130296,0.569557,Dumbbell_ Shoulder_Shrug_221805058
-11.488750,-4.296250,0.796250,0.861259,0.122427,0.569435,Dumbbell_ Shoulder_Shrug_221805058
-10.255000,-4.313750,-0.358750,0.860893,0.113094,0.565958,Dumbbell_ Shoulder_Shrug_221805058
-8.890000,-4.541250,-1.636250,0.858880,0.108885,0.561627,Dumbbell_ Shoulder_Shrug_221805058
-8.251250,-5.407500,-2.345000,0.858697,0.103151,0.547658,Dumbbell_ Shoulder_Shrug_221805058
-7.603750,-6.790000,-2.511250,0.852292,0.095221,0.536739,Dumbbell_ Shoulder_Shrug_221805058
-7.070000,-7.770000,-1.995000,0.850035,0.086132,0.531310,Dumbbell_ Shoulder_Shrug_221805058
-6.090000,-9.590000,-1.111250,0.851316,0.084302,0.534604,Dumbbell_ Shoulder_Shrug_221805058
-5.285000,-11.243750,0.166250,0.852170,0.086376,0.542290,Dumbbell_ Shoulder_Shrug_221805058
-4.130000,-12.468750,1.452500,0.844423,0.090158,0.544669,Dumbbell_ Shoulder_Shrug_221805058
-2.572500,-13.623750,2.555000,0.838872,0.089487,0.551013,Dumbbell_ Shoulder_Shrug_221805058
-0.420000,-14.840000,3.263750,0.834663,0.092720,0.565104,Dumbbell_ Shoulder_Shrug_221805058
1.653750,-15.548750,4.672500,0.839055,0.101443,0.581452,Dumbbell_ Shoulder_Shrug_221805058
3.351250,-15.636250,5.547500,0.841922,0.111874,0.600301,Dumbbell_ Shoulder_Shrug_221805058
5.425000,-15.225000,6.335000,0.842837,0.111813,0.613965,Dumbbell_ Shoulder_Shrug_221805058
7.875000,-14.026250,6.930000,0.834907,0.099247,0.621712,Dumbbell_ Shoulder_Shrug_221805058
10.290000,-13.466250,7.498750,0.818315,0.080886,0.619028,Dumbbell_ Shoulder_Shrug_221805058
12.276250,-13.028750,7.831250,0.805322,0.067344,0.618418,Dumbbell_ Shoulder_Shrug_221805058
14.157500,-12.328750,8.312500,0.797148,0.063928,0.620919,Dumbbell_ Shoulder_Shrug_221805058
14.813750,-11.620000,9.187500,0.791963,0.058682,0.621102,Dumbbell_ Shoulder_Shrug_221805058
14.953750,-10.771250,10.045000,0.778421,0.051362,0.618723,Dumbbell_ Shoulder_Shrug_221805058
14.980000,-10.246250,11.112500,0.762195,0.038613,0.612013,Dumbbell_ Shoulder_Shrug_221805058
14.980000,-9.756250,11.830000,0.745115,0.023241,0.602863,Dumbbell_ Shoulder_Shrug_221805058
14.708750,-9.975000,12.390000,0.725534,0.007991,0.591822,Dumbbell_ Shoulder_Shrug_221805058
13.921250,-10.097500,12.258750,0.705526,-0.001342,0.581025,Dumbbell_ Shoulder_Shrug_221805058
12.425000,-11.042500,12.320000,0.687287,-0.009760,0.566934,Dumbbell_ Shoulder_Shrug_221805058
10.281250,-11.847500,12.302500,0.674538,-0.016226,0.560285,Dumbbell_ Shoulder_Shrug_221805058
7.787500,-12.460000,12.460000,0.664961,-0.017751,0.557540,Dumbbell_ Shoulder_Shrug_221805058
3.386250,-13.116250,12.530000,0.667645,0.002440,0.564494,Dumbbell_ Shoulder_Shrug_221805058
0.385000,-13.545000,12.538750,0.686006,0.036905,0.576328,Dumbbell_ Shoulder_Shrug_221805058
-10.001250,0.490000,24.762501,0.857294,0.167079,0.551074,Dumbbell_ Shoulder_Shrug_221805058
-20.816250,-5.267500,-9.625000,0.891210,0.041419,0.493734,Dumbbell_ Shoulder_Shrug_221805058
4.908750,-19.171249,17.500000,0.769515,0.055144,0.623054,Dumbbell_ Shoulder_Shrug_221805058
4.865000,-18.725000,17.176250,0.772809,0.055449,0.621895,Dumbbell_ Shoulder_Shrug_221805058
4.690000,-18.147499,16.913750,0.773480,0.055266,0.623908,Dumbbell_ Shoulder_Shrug_221805058
4.821250,-18.191250,16.135000,0.767990,0.055205,0.619882,Dumbbell_ Shoulder_Shrug_221805058
5.398750,-17.832500,15.723750,0.762561,0.057645,0.614392,Dumbbell_ Shoulder_Shrug_221805058
6.168750,-17.578751,15.811250,0.759999,0.057950,0.612684,Dumbbell_ Shoulder_Shrug_221805058
6.597500,-17.368750,16.152500,0.756156,0.057706,0.615307,Dumbbell_ Shoulder_Shrug_221805058
6.833750,-16.913750,16.695000,0.754997,0.055937,0.618723,Dumbbell_ Shoulder_Shrug_221805058
6.903750,-16.660000,17.333750,0.760975,0.054168,0.627812,Dumbbell_ Shoulder_Shrug_221805058
6.186250,-15.758750,17.893749,0.770003,0.060512,0.640012,Dumbbell_ Shoulder_Shrug_221805058
5.241250,-15.058750,18.191250,0.780861,0.063501,0.645929,Dumbbell_ Shoulder_Shrug_221805058
4.908750,-14.078750,17.718750,0.775493,0.053436,0.645075,Dumbbell_ Shoulder_Shrug_221805058
4.725000,-13.711250,16.668751,0.763354,0.038369,0.637023,Dumbbell_ Shoulder_Shrug_221805058
4.375000,-13.483750,15.190000,0.752984,0.027267,0.625982,Dumbbell_ Shoulder_Shrug_221805058
3.876250,-13.098750,13.098750,0.753960,0.021716,0.622749,Dumbbell_ Shoulder_Shrug_221805058
2.353750,-12.197500,12.398750,0.771040,0.023607,0.629703,Dumbbell_ Shoulder_Shrug_221805058
0.376250,-10.482500,12.328750,0.785375,0.028792,0.632631,Dumbbell_ Shoulder_Shrug_221805058
-1.636250,-8.260000,11.760000,0.784582,0.030561,0.612318,Dumbbell_ Shoulder_Shrug_221805058
-2.782500,-7.481250,11.068750,0.772260,0.025559,0.591761,Dumbbell_ Shoulder_Shrug_221805058
-2.677500,-7.805000,10.482500,0.750422,0.011224,0.573949,Dumbbell_ Shoulder_Shrug_221805058
-1.680000,-8.505000,10.263750,0.734318,0.011590,0.567300,Dumbbell_ Shoulder_Shrug_221805058
-0.673750,-8.583750,10.613750,0.726022,0.017507,0.563945,Dumbbell_ Shoulder_Shrug_221805058
-1.347500,-9.257500,11.226250,0.699792,0.021167,0.548634,Dumbbell_ Shoulder_Shrug_221805058
-2.633750,-8.942500,11.313750,0.682834,0.010980,0.534543,Dumbbell_ Shoulder_Shrug_221805058
-3.395000,-10.605000,10.386250,0.670146,-0.004636,0.527833,Dumbbell_ Shoulder_Shrug_221805058
-4.156250,-12.258750,9.231250,0.669841,0.001708,0.532347,Dumbbell_ Shoulder_Shrug_221805058
-5.503750,-13.860000,9.913750,0.683200,0.036600,0.539118,Dumbbell_ Shoulder_Shrug_221805058
-7.533750,-14.262500,11.130000,0.709552,0.078934,0.551684,Dumbbell_ Shoulder_Shrug_221805058
-8.032500,-13.081250,12.136250,0.729438,0.099674,0.556625,Dumbbell_ Shoulder_Shrug_221805058
-6.711250,-11.865000,12.258750,0.720044,0.090280,0.549122,Dumbbell_ Shoulder_Shrug_221805058
-1.347500,-11.646250,11.033750,0.702110,0.065453,0.539850,Dumbbell_ Shoulder_Shrug_221805058
2.651250,-10.386250,9.660000,0.701988,0.066124,0.553392,Dumbbell_ Shoulder_Shrug_221805058
6.798750,-8.715000,7.463750,0.722179,0.082899,0.572851,Dumbbell_ Shoulder_Shrug_221805058
10.298750,-7.253750,6.431250,0.743163,0.096075,0.570228,Dumbbell_ Shoulder_Shrug_221805058
12.547500,-6.991250,7.017500,0.744139,0.098027,0.562298,Dumbbell_ Shoulder_Shrug_221805058
14.568750,-6.798750,7.691250,0.738588,0.081435,0.555649,Dumbbell_ Shoulder_Shrug_221805058
17.981251,-7.498750,6.720000,0.718397,0.051362,0.537715,Dumbbell_ Shoulder_Shrug_221805058
22.120001,-9.082500,5.022500,0.680760,0.033184,0.513071,Dumbbell_ Shoulder_Shrug_221805058
25.165001,-10.832500,2.826250,0.644099,0.013786,0.485804,Dumbbell_ Shoulder_Shrug_221805058
27.483749,-12.731250,1.505000,0.649528,0.008967,0.509350,Dumbbell_ Shoulder_Shrug_221805058
25.926250,-13.991250,1.688750,0.681980,0.073383,0.541741,Dumbbell_ Shoulder_Shrug_221805058
17.036249,-12.801250,2.983750,0.729804,0.131943,0.568093,Dumbbell_ Shoulder_Shrug_221805058
13.510000,-9.975000,3.473750,0.776042,0.146217,0.583526,Dumbbell_ Shoulder_Shrug_221805058
15.216250,-8.820000,2.196250,0.791963,0.114741,0.577914,Dumbbell_ Shoulder_Shrug_221805058
21.201250,-9.598750,-0.673750,0.775920,0.084363,0.567788,Dumbbell_ Shoulder_Shrug_221805058
28.437500,-11.707500,-4.007500,0.775554,0.075701,0.574620,Dumbbell_ Shoulder_Shrug_221805058
34.256248,-12.941250,-6.833750,0.794037,0.077653,0.592371,Dumbbell_ Shoulder_Shrug_221805058
37.038750,-12.145000,-6.501250,0.825086,0.079910,0.622383,Dumbbell_ Shoulder_Shrug_221805058
36.111252,-9.458750,-5.451250,0.857294,0.074725,0.676673,Dumbbell_ Shoulder_Shrug_221805058
32.786251,-5.626250,-4.252500,0.884561,0.064538,0.689483,Dumbbell_ Shoulder_Shrug_221805058
29.268749,-3.088750,-3.963750,0.899262,0.048861,0.689422,Dumbbell_ Shoulder_Shrug_221805058
26.696251,-1.356250,-5.171250,0.896456,0.018971,0.673562,Dumbbell_ Shoulder_Shrug_221805058
25.173750,-0.323750,-7.201250,0.874496,0.000671,0.649467,Dumbbell_ Shoulder_Shrug_221805058
24.106251,-0.262500,-9.467500,0.834541,-0.018178,0.620370,Dumbbell_ Shoulder_Shrug_221805058
22.163750,-1.225000,-11.007500,0.799283,-0.043249,0.591029,Dumbbell_ Shoulder_Shrug_221805058
19.004999,-1.977500,-11.760000,0.777445,-0.065819,0.569984,Dumbbell_ Shoulder_Shrug_221805058
14.385000,-3.316250,-11.786250,0.779763,-0.076372,0.567422,Dumbbell_ Shoulder_Shrug_221805058
7.962500,-4.121250,-11.042500,0.810141,-0.070882,0.579622,Dumbbell_ Shoulder_Shrug_221805058
0.481250,-4.506250,-10.613750,0.852841,-0.055449,0.596336,Dumbbell_ Shoulder_Shrug_221805058
-7.393750,-4.261250,-10.351250,0.897737,-0.029707,0.612013,Dumbbell_ Shoulder_Shrug_221805058
-13.781250,-4.165000,-10.622500,0.931104,0.003111,0.607194,Dumbbell_ Shoulder_Shrug_221805058
-18.138750,-4.795000,-10.850000,0.948733,0.031354,0.586881,Dumbbell_ Shoulder_Shrug_221805058
-19.040001,-5.932500,-10.596250,0.951173,0.063135,0.567727,Dumbbell_ Shoulder_Shrug_221805058
-17.211250,-7.726250,-9.502500,0.948733,0.080215,0.554856,Dumbbell_ Shoulder_Shrug_221805058
-14.472500,-10.176250,-7.805000,0.938546,0.096868,0.553514,Dumbbell_ Shoulder_Shrug_221805058
-12.013750,-12.713750,-5.678750,0.932263,0.111203,0.557357,Dumbbell_ Shoulder_Shrug_221805058
-9.922500,-14.700000,-3.570000,0.922442,0.114375,0.560834,Dumbbell_ Shoulder_Shrug_221805058
-7.560000,-15.802500,-2.196250,0.912621,0.108275,0.570045,Dumbbell_ Shoulder_Shrug_221805058
-5.302500,-16.966249,-1.767500,0.902495,0.099125,0.576084,Dumbbell_ Shoulder_Shrug_221805058
-3.220000,-17.106251,-2.415000,0.889868,0.093818,0.566263,Dumbbell_ Shoulder_Shrug_221805058
-1.470000,-16.764999,-3.753750,0.864980,0.083875,0.563335,Dumbbell_ Shoulder_Shrug_221805058
0.332500,-15.715000,-4.873750,0.837652,0.065758,0.538996,Dumbbell_ Shoulder_Shrug_221805058
2.143750,-15.155000,-5.687500,0.804285,0.043310,0.512339,Dumbbell_ Shoulder_Shrug_221805058
3.535000,-14.577500,-5.503750,0.782447,0.018544,0.502762,Dumbbell_ Shoulder_Shrug_221805058
2.730000,-14.551250,-4.655000,0.799771,0.032757,0.525027,Dumbbell_ Shoulder_Shrug_221805058
0.043750,-12.731250,-2.380000,0.895602,0.075457,0.562786,Dumbbell_ Shoulder_Shrug_221805058
-2.756250,-9.607500,0.420000,0.964166,0.119804,0.595787,Dumbbell_ Shoulder_Shrug_221805058
-2.826250,-6.317500,2.038750,0.995703,0.134566,0.605852,Dumbbell_ Shoulder_Shrug_221805058
0.796250,-4.383750,0.971250,0.992165,0.130418,0.593225,Dumbbell_ Shoulder_Shrug_221805058
6.300000,-4.471250,-0.840000,0.974170,0.130479,0.579927,Dumbbell_ Shoulder_Shrug_221805058
12.110000,-5.302500,-1.890000,0.965142,0.135847,0.577975,Dumbbell_ Shoulder_Shrug_221805058
16.616249,-6.160000,-1.268750,0.967094,0.144143,0.597434,Dumbbell_ Shoulder_Shrug_221805058
19.486250,-5.818750,0.665000,0.967277,0.138592,0.613538,Dumbbell_ Shoulder_Shrug_221805058
23.878750,-5.372500,2.572500,0.955748,0.099430,0.624701,Dumbbell_ Shoulder_Shrug_221805058
23.791250,-5.993750,3.193750,0.938424,0.063806,0.617442,Dumbbell_ Shoulder_Shrug_221805058
24.473749,-7.271250,2.572500,0.913353,0.037759,0.609329,Dumbbell_ Shoulder_Shrug_221805058
23.913750,-8.286250,0.586250,0.871263,0.017385,0.595848,Dumbbell_ Shoulder_Shrug_221805058
22.575001,-9.362500,-1.391250,0.850889,0.002623,0.581025,Dumbbell_ Shoulder_Shrug_221805058
20.160000,-9.773750,-2.966250,0.828380,-0.012078,0.562908,Dumbbell_ Shoulder_Shrug_221805058
16.808750,-10.613750,-3.876250,0.811666,-0.027084,0.547292,Dumbbell_ Shoulder_Shrug_221805058
13.212500,-11.305000,-4.208750,0.796416,-0.049166,0.530883,Dumbbell_ Shoulder_Shrug_221805058
9.441250,-12.258750,-4.681250,0.788669,-0.068625,0.509838,Dumbbell_ Shoulder_Shrug_221805058
5.258750,-14.516250,-5.040000,0.789828,-0.080032,0.508618,Dumbbell_ Shoulder_Shrug_221805058
0.778750,-16.047501,-5.250000,0.811239,-0.076189,0.519842,Dumbbell_ Shoulder_Shrug_221805058
-8.723750,-17.062500,-4.593750,0.855708,-0.038674,0.552172,Dumbbell_ Shoulder_Shrug_221805058
-12.451250,-17.972500,-3.080000,0.915488,0.001281,0.594567,Dumbbell_ Shoulder_Shrug_221805058
-17.141251,-18.270000,-1.137500,0.976549,0.041114,0.631655,Dumbbell_ Shoulder_Shrug_221805058
-19.565001,-18.567499,0.315000,1.021811,0.061061,0.649528,Dumbbell_ Shoulder_Shrug_221805058
-19.713751,-18.952499,0.936250,1.023092,0.075274,0.658617,Dumbbell_ Shoulder_Shrug_221805058
-18.812500,-19.573750,0.603750,1.016809,0.089975,0.662399,Dumbbell_ Shoulder_Shrug_221805058
-17.815001,-20.028749,0.297500,1.010709,0.108946,0.667889,Dumbbell_ Shoulder_Shrug_221805058
-17.885000,-19.844999,0.910000,1.003206,0.119743,0.674233,Dumbbell_ Shoulder_Shrug_221805058
-19.223749,-18.812500,1.312500,0.998753,0.116327,0.672342,Dumbbell_ Shoulder_Shrug_221805058
-20.186251,-16.764999,0.315000,0.995703,0.114314,0.667218,Dumbbell_ Shoulder_Shrug_221805058
-19.188749,-15.618750,-1.680000,0.984174,0.112789,0.650809,Dumbbell_ Shoulder_Shrug_221805058
-18.025000,-15.216250,-3.421250,0.974414,0.117730,0.626653,Dumbbell_ Shoulder_Shrug_221805058
-17.587500,-14.682500,-4.970000,0.966545,0.117425,0.596214,Dumbbell_ Shoulder_Shrug_221805058
-17.316250,-14.131250,-6.352500,0.939522,0.115534,0.562725,Dumbbell_ Shoulder_Shrug_221805058
-16.677500,-13.300000,-7.175000,0.937692,0.110349,0.532896,Dumbbell_ Shoulder_Shrug_221805058
-15.435000,-12.363750,-7.516250,0.923479,0.103395,0.504531,Dumbbell_ Shoulder_Shrug_221805058
-13.763750,-12.626250,-7.997500,0.907497,0.097112,0.483608,Dumbbell_ Shoulder_Shrug_221805058
-11.558750,-12.897500,-8.321250,0.896700,0.092049,0.464942,Dumbbell_ Shoulder_Shrug_221805058
-9.021250,-13.947500,-8.443750,0.890417,0.085034,0.446703,Dumbbell_ Shoulder_Shrug_221805058
-6.720000,-15.618750,-7.770000,0.887733,0.081862,0.431819,Dumbbell_ Shoulder_Shrug_221805058
-3.981250,-16.406250,-6.361250,0.888648,0.082960,0.432978,Dumbbell_ Shoulder_Shrug_221805058
-1.137500,-16.940001,-3.727500,0.897432,0.107726,0.442372,Dumbbell_ Shoulder_Shrug_221805058
3.972500,-17.202499,-0.507500,0.919453,0.128161,0.462136,Dumbbell_ Shoulder_Shrug_221805058
7.743750,-16.834999,3.605000,0.945317,0.156343,0.483608,Dumbbell_ Shoulder_Shrug_221805058
12.582500,-15.102500,7.455000,0.957639,0.170129,0.495625,Dumbbell_ Shoulder_Shrug_221805058
19.267500,-13.098750,9.966250,0.955992,0.174460,0.503250,Dumbbell_ Shoulder_Shrug_221805058
27.177500,-11.077500,11.007500,0.950258,0.181658,0.527162,Dumbbell_ Shoulder_Shrug_221805058
34.650002,-9.922500,13.413750,0.940132,0.188551,0.543876,Dumbbell_ Shoulder_Shrug_221805058
41.002499,-9.861250,15.767500,0.941840,0.183610,0.556625,Dumbbell_ Shoulder_Shrug_221805058
46.182499,-7.000000,17.001249,0.944036,0.174277,0.583587,Dumbbell_ Shoulder_Shrug_221805058
51.581249,-6.475000,17.438749,0.938851,0.150792,0.588162,Dumbbell_ Shoulder_Shrug_221805058
55.273750,-5.250000,17.605000,0.937448,0.125172,0.597495,Dumbbell_ Shoulder_Shrug_221805058
61.250000,-4.165000,17.071251,0.933056,0.108397,0.609634,Dumbbell_ Shoulder_Shrug_221805058
63.647499,-3.281250,16.266251,0.926407,0.096075,0.614087,Dumbbell_ Shoulder_Shrug_221805058
65.555000,-3.018750,15.540000,0.914512,0.077714,0.615734,Dumbbell_ Shoulder_Shrug_221805058
66.080002,-2.301250,15.277500,0.897676,0.057462,0.615307,Dumbbell_ Shoulder_Shrug_221805058
65.379997,-1.601250,15.338750,0.881816,0.037393,0.613782,Dumbbell_ Shoulder_Shrug_221805058
63.656250,-1.137500,15.758750,0.865895,0.020191,0.608597,Dumbbell_ Shoulder_Shrug_221805058
61.022499,-0.752500,16.607500,0.851255,0.006161,0.605608,Dumbbell_ Shoulder_Shrug_221805058
57.837502,-0.630000,17.132500,0.841678,-0.004575,0.603412,Dumbbell_ Shoulder_Shrug_221805058
53.900002,-0.507500,17.465000,0.834968,-0.012566,0.602985,Dumbbell_ Shoulder_Shrug_221805058
49.665001,-0.551250,17.639999,0.829417,-0.019520,0.600423,Dumbbell_ Shoulder_Shrug_221805058
45.202499,-0.787500,17.788750,0.827099,-0.023851,0.598227,Dumbbell_ Shoulder_Shrug_221805058
38.246250,-1.225000,17.806250,0.826550,-0.018239,0.601094,Dumbbell_ Shoulder_Shrug_221805058
33.547501,-1.636250,17.972500,0.831735,-0.014396,0.601826,Dumbbell_ Shoulder_Shrug_221805058
28.577499,-1.881250,18.200001,0.857294,-0.003050,0.606157,Dumbbell_ Shoulder_Shrug_221805058
23.625000,-2.353750,18.042500,0.860161,0.012566,0.608902,Dumbbell_ Shoulder_Shrug_221805058
18.681250,-2.318750,17.876249,0.873581,0.033306,0.613172,Dumbbell_ Shoulder_Shrug_221805058
14.131250,-2.231250,17.543751,0.885720,0.052033,0.615551,Dumbbell_ Shoulder_Shrug_221805058
10.981250,-2.467500,15.688750,0.885842,0.064721,0.609390,Dumbbell_ Shoulder_Shrug_221805058
8.907500,-3.482500,13.702500,0.882060,0.074786,0.597922,Dumbbell_ Shoulder_Shrug_221805058
7.227500,-5.381250,11.821250,0.879437,0.085156,0.588528,Dumbbell_ Shoulder_Shrug_221805058
5.775000,-6.842500,10.657500,0.882853,0.099369,0.584746,Dumbbell_ Shoulder_Shrug_221805058
4.541250,-7.752500,9.957500,0.884561,0.109495,0.581391,Dumbbell_ Shoulder_Shrug_221805058
3.368750,-7.971250,9.248750,0.883829,0.112545,0.579988,Dumbbell_ Shoulder_Shrug_221805058
2.966250,-8.225000,8.715000,0.879559,0.113521,0.573095,Dumbbell_ Shoulder_Shrug_221805058
2.983750,-8.321250,8.163750,0.859063,0.112057,0.568825,Dumbbell_ Shoulder_Shrug_221805058
3.220000,-7.980000,7.875000,0.866871,0.113094,0.565531,Dumbbell_ Shoulder_Shrug_221805058
3.412500,-8.085000,7.577500,0.862967,0.111325,0.563213,Dumbbell_ Shoulder_Shrug_221805058
3.640000,-7.008750,7.035000,0.855220,0.110471,0.560102,Dumbbell_ Shoulder_Shrug_221805058
3.570000,-6.046250,6.693750,0.852353,0.109312,0.554917,Dumbbell_ Shoulder_Shrug_221805058
3.928750,-4.865000,6.606250,0.847046,0.108214,0.555466,Dumbbell_ Shoulder_Shrug_221805058
4.025000,-3.246250,6.483750,0.845399,0.106811,0.553087,Dumbbell_ Shoulder_Shrug_221805058
3.920000,-1.820000,6.518750,0.848083,0.106262,0.556381,Dumbbell_ Shoulder_Shrug_221805058
4.103750,-0.656250,6.510000,0.859917,0.107055,0.556930,Dumbbell_ Shoulder_Shrug_221805058
4.453750,0.560000,6.308750,0.866444,0.100772,0.559065,Dumbbell_ Shoulder_Shrug_221805058
4.838750,0.997500,5.845000,0.871507,0.098820,0.556991,Dumbbell_ Shoulder_Shrug_221805058
4.795000,1.198750,5.687500,0.882243,0.097173,0.556869,Dumbbell_ Shoulder_Shrug_221805058
4.550000,1.137500,5.801250,0.886208,0.094977,0.560773,Dumbbell_ Shoulder_Shrug_221805058
3.920000,1.198750,6.090000,0.890600,0.091927,0.562603,Dumbbell_ Shoulder_Shrug_221805058
2.782500,0.980000,5.652500,0.892369,0.085522,0.560224,Dumbbell_ Shoulder_Shrug_221805058
1.855000,0.936250,4.908750,0.890356,0.079483,0.556747,Dumbbell_ Shoulder_Shrug_221805058
0.936250,0.297500,4.208750,0.887672,0.077897,0.555222,Dumbbell_ Shoulder_Shrug_221805058
-0.183750,-0.691250,3.675000,0.885720,0.080215,0.548329,Dumbbell_ Shoulder_Shrug_221805058
-1.120000,-1.408750,3.290000,0.882670,0.081557,0.543327,Dumbbell_ Shoulder_Shrug_221805058
-4.322500,-1.977500,3.001250,0.882243,0.078385,0.542046,Dumbbell_ Shoulder_Shrug_221805058
-2.625000,-2.082500,2.327500,0.872727,0.076738,0.539911,Dumbbell_ Shoulder_Shrug_221805058
-3.263750,-2.563750,2.240000,0.865285,0.081801,0.535946,Dumbbell_ Shoulder_Shrug_221805058
-4.471250,-2.887500,2.940000,0.870104,0.085522,0.540765,Dumbbell_ Shoulder_Shrug_221805058
-4.978750,-3.552500,3.683750,0.870104,0.083326,0.539057,Dumbbell_ Shoulder_Shrug_221805058
-5.197500,-3.675000,4.138750,0.864370,0.081984,0.534238,Dumbbell_ Shoulder_Shrug_221805058
-5.013750,-3.587500,4.453750,0.862479,0.079361,0.536434,Dumbbell_ Shoulder_Shrug_221805058
-4.611250,-3.062500,4.243750,0.871019,0.077714,0.548756,Dumbbell_ Shoulder_Shrug_221805058
-3.543750,-3.097500,3.841250,0.874130,0.082045,0.556259,Dumbbell_ Shoulder_Shrug_221805058
-2.283750,-3.412500,4.768750,0.873154,0.086010,0.548634,Dumbbell_ Shoulder_Shrug_221805058
-1.863750,-3.298750,6.133750,0.860649,0.083021,0.538813,Dumbbell_ Shoulder_Shrug_221805058
-1.575000,-1.776250,7.446250,0.853329,0.075030,0.535763,Dumbbell_ Shoulder_Shrug_221805058
-1.268750,1.356250,7.927500,0.853207,0.072651,0.540948,Dumbbell_ Shoulder_Shrug_221805058
-0.770000,3.981250,7.682500,0.852719,0.086315,0.548024,Dumbbell_ Shoulder_Shrug_221805058
-0.148750,5.145000,7.638750,0.855220,0.099735,0.554917,Dumbbell_ Shoulder_Shrug_221805058
-0.245000,5.390000,7.988750,0.862906,0.105347,0.556320,Dumbbell_ Shoulder_Shrug_221805058
0.227500,7.000000,8.321250,0.871141,0.109129,0.559370,Dumbbell_ Shoulder_Shrug_221805058
1.566250,9.021250,7.525000,0.872971,0.106018,0.554185,Dumbbell_ Shoulder_Shrug_221805058
2.747500,9.546250,6.265000,0.863821,0.102053,0.538264,Dumbbell_ Shoulder_Shrug_221805058
5.731250,8.951250,5.827500,0.859307,0.107665,0.536007,Dumbbell_ Shoulder_Shrug_221805058
7.481250,7.831250,5.573750,0.854000,0.108641,0.531737,Dumbbell_ Shoulder_Shrug_221805058
7.490000,7.560000,4.733750,0.855647,0.124013,0.534299,Dumbbell_ Shoulder_Shrug_221805058
7.621250,7.875000,3.657500,0.861259,0.106506,0.534970,Dumbbell_ Shoulder_Shrug_221805058
7.726250,7.332500,2.520000,0.862601,0.107421,0.531493,Dumbbell_ Shoulder_Shrug_221805058
7.656250,6.545000,1.732500,0.865407,0.109678,0.534726,Dumbbell_ Shoulder_Shrug_221805058
7.813750,5.731250,0.953750,0.868152,0.107848,0.534665,Dumbbell_ Shoulder_Shrug_221805058
8.233750,4.707500,0.061250,0.872544,0.107360,0.540643,Dumbbell_ Shoulder_Shrug_221805058
8.863750,3.465000,-1.365000,0.888343,0.104798,0.565775,Dumbbell_ Shoulder_Shrug_221805058
9.966250,2.905000,-1.426250,0.920063,0.102419,0.599874,Dumbbell_ Shoulder_Shrug_221805058
12.293750,2.283750,-1.233750,0.933178,0.098942,0.609329,Dumbbell_ Shoulder_Shrug_221805058
16.467501,2.773750,-0.805000,0.947147,0.096197,0.625006,Dumbbell_ Shoulder_Shrug_221805058
21.700001,2.231250,-0.953750,0.949770,0.096258,0.607560,Dumbbell_ Shoulder_Shrug_221805058
29.469999,0.708750,-2.406250,0.921100,0.086071,0.583038,Dumbbell_ Shoulder_Shrug_221805058
32.961250,-0.735000,-5.048750,0.895785,0.060634,0.564494,Dumbbell_ Shoulder_Shrug_221805058
33.932499,-1.890000,-7.385000,0.865956,0.051728,0.549122,Dumbbell_ Shoulder_Shrug_221805058
32.418751,-2.852500,-8.863750,0.830088,0.054046,0.539972,Dumbbell_ Shoulder_Shrug_221805058
28.559999,-2.773750,-8.680000,0.820511,0.055205,0.541497,Dumbbell_ Shoulder_Shrug_221805058
23.143749,-2.590000,-7.708750,0.817034,0.055449,0.545462,Dumbbell_ Shoulder_Shrug_221805058
17.176250,-2.642500,-6.055000,0.817278,0.053863,0.552172,Dumbbell_ Shoulder_Shrug_221805058
11.200000,-2.948750,-6.028750,0.820877,0.051179,0.550281,Dumbbell_ Shoulder_Shrug_221805058
5.521250,-3.430000,-6.860000,0.824232,0.046055,0.545767,Dumbbell_ Shoulder_Shrug_221805058
0.463750,-4.086250,-7.892500,0.824476,0.049593,0.538569,Dumbbell_ Shoulder_Shrug_221805058
-4.541250,-4.051250,-8.548750,0.831613,0.058926,0.538020,Dumbbell_ Shoulder_Shrug_221805058
-11.033750,-4.480000,-8.548750,0.838018,0.080459,0.529907,Dumbbell_ Shoulder_Shrug_221805058
-13.501250,-4.348750,-8.181250,0.843081,0.089365,0.521611,Dumbbell_ Shoulder_Shrug_221805058
-15.408750,-3.806250,-7.586250,0.851133,0.099491,0.519598,Dumbbell_ Shoulder_Shrug_221805058
-16.782499,-3.281250,-6.317500,0.865346,0.118706,0.527162,Dumbbell_ Shoulder_Shrug_221805058
-17.815001,-4.165000,-3.885000,0.867786,0.135054,0.513437,Dumbbell_ Shoulder_Shrug_221805058
-17.692499,-4.628750,-1.076250,0.883707,0.139629,0.518378,Dumbbell_ Shoulder_Shrug_221805058
-15.085000,-4.095000,-0.577500,0.914512,0.136945,0.543327,Dumbbell_ Shoulder_Shrug_221805058
-8.540000,-4.970000,-4.130000,0.939827,0.133224,0.550037,Dumbbell_ Shoulder_Shrug_221805058
0.210000,-9.537500,-7.857500,0.939095,0.138775,0.539972,Dumbbell_ Shoulder_Shrug_221805058
6.851250,-13.615000,-10.666250,0.932446,0.145546,0.538996,Dumbbell_ Shoulder_Shrug_221805058
9.966250,-16.922501,-13.221250,0.925919,0.152622,0.536068,Dumbbell_ Shoulder_Shrug_221805058
9.528750,-19.950001,-14.306250,0.913963,0.145973,0.517219,Dumbbell_ Shoulder_Shrug_221805058
7.551250,-22.286249,-13.518750,0.894199,0.141886,0.500871,Dumbbell_ Shoulder_Shrug_221805058
5.390000,-23.957500,-12.127500,0.860832,0.138165,0.486536,Dumbbell_ Shoulder_Shrug_221805058
2.940000,-24.815001,-10.526250,0.851133,0.134017,0.481534,Dumbbell_ Shoulder_Shrug_221805058
0.411250,-25.217501,-9.100000,0.843935,0.133895,0.480924,Dumbbell_ Shoulder_Shrug_221805058
-2.248750,-24.526251,-8.321250,0.843935,0.138531,0.481595,Dumbbell_ Shoulder_Shrug_221805058
-4.663750,-22.977501,-8.277500,0.850218,0.149999,0.485560,Dumbbell_ Shoulder_Shrug_221805058
-6.860000,-20.711250,-8.242500,0.857416,0.164151,0.485926,Dumbbell_ Shoulder_Shrug_221805058
-8.242500,-16.738750,-8.408750,0.861747,0.170739,0.485194,Dumbbell_ Shoulder_Shrug_221805058
-8.995000,-14.420000,-8.767500,0.865163,0.179340,0.494893,Dumbbell_ Shoulder_Shrug_221805058
-9.721250,-12.232500,-8.242500,0.880718,0.192821,0.496296,Dumbbell_ Shoulder_Shrug_221805058
-11.086250,-9.222500,-6.868750,0.902922,0.197457,0.501359,Dumbbell_ Shoulder_Shrug_221805058
-11.331250,-5.731250,-5.530000,0.922564,0.196603,0.513254,Dumbbell_ Shoulder_Shrug_221805058
-10.815000,-2.913750,-4.462500,0.947330,0.194773,0.527772,Dumbbell_ Shoulder_Shrug_221805058
-9.773750,-0.595000,-3.412500,0.968985,0.202703,0.542900,Dumbbell_ Shoulder_Shrug_221805058
-7.883750,-0.070000,-2.808750,0.984723,0.201971,0.556808,Dumbbell_ Shoulder_Shrug_221805058
-5.293750,-0.980000,-3.552500,1.005463,0.197579,0.566812,Dumbbell_ Shoulder_Shrug_221805058
-2.791250,-3.981250,-4.068750,1.009245,0.189222,0.550159,Dumbbell_ Shoulder_Shrug_221805058
-0.227500,-6.965000,-5.215000,1.003145,0.178669,0.535458,Dumbbell_ Shoulder_Shrug_221805058
1.557500,-11.532500,-5.950000,1.002352,0.170983,0.537349,Dumbbell_ Shoulder_Shrug_221805058
2.205000,-13.300000,-6.877500,1.001010,0.174216,0.547475,Dumbbell_ Shoulder_Shrug_221805058
2.187500,-15.163750,-6.772500,1.005280,0.184037,0.556198,Dumbbell_ Shoulder_Shrug_221805058
1.111250,-15.592500,-5.626250,1.011929,0.172325,0.564067,Dumbbell_ Shoulder_Shrug_221805058
0.455000,-16.012501,-5.118750,1.009916,0.165981,0.560468,Dumbbell_ Shoulder_Shrug_221805058
-0.201250,-15.662500,-4.541250,0.986492,0.156831,0.555222,Dumbbell_ Shoulder_Shrug_221805058
-1.303750,-15.671250,-4.392500,0.970266,0.149450,0.554795,Dumbbell_ Shoulder_Shrug_221805058
-3.097500,-15.207500,-3.990000,0.955138,0.154330,0.551257,Dumbbell_ Shoulder_Shrug_221805058
-5.250000,-13.938750,-4.480000,0.944402,0.158051,0.549671,Dumbbell_ Shoulder_Shrug_221805058
-8.032500,-12.687500,-4.935000,0.947757,0.168543,0.554246,Dumbbell_ Shoulder_Shrug_221805058
-10.377500,-11.278750,-5.827500,0.953857,0.174460,0.538386,Dumbbell_ Shoulder_Shrug_221805058
-11.550000,-11.121250,-7.113750,0.949038,0.171166,0.538996,Dumbbell_ Shoulder_Shrug_221805058
-12.145000,-10.762500,-8.268750,0.958127,0.177815,0.533201,Dumbbell_ Shoulder_Shrug_221805058
-13.693750,-9.826250,-8.531250,0.965874,0.190381,0.525881,Dumbbell_ Shoulder_Shrug_221805058
-13.877500,-9.065000,-9.266250,0.968314,0.185684,0.514291,Dumbbell_ Shoulder_Shrug_221805058
-12.836250,-9.126250,-10.027500,0.969839,0.184037,0.520391,Dumbbell_ Shoulder_Shrug_221805058
-11.637500,-9.581250,-10.071250,1.003572,0.201361,0.532652,Dumbbell_ Shoulder_Shrug_221805058
-9.940000,-10.613750,-10.220000,1.023824,0.210694,0.540094,Dumbbell_ Shoulder_Shrug_221805058
-7.743750,-11.786250,-13.081250,1.030961,0.208803,0.541009,Dumbbell_ Shoulder_Shrug_221805058
-5.591250,-14.332500,-11.873750,1.031510,0.202764,0.541924,Dumbbell_ Shoulder_Shrug_221805058
-3.517500,-16.108749,-12.258750,1.020408,0.191479,0.542595,Dumbbell_ Shoulder_Shrug_221805058
-1.680000,-17.631250,-12.495000,1.007049,0.180255,0.549854,Dumbbell_ Shoulder_Shrug_221805058
-0.586250,-17.815001,-11.935000,0.994483,0.175558,0.553087,Dumbbell_ Shoulder_Shrug_221805058
0.210000,-18.165001,-10.683750,0.973011,0.168299,0.546255,Dumbbell_ Shoulder_Shrug_221805058
1.181250,-17.473749,-9.371250,0.943060,0.141642,0.540704,Dumbbell_ Shoulder_Shrug_221805058
-5.390000,0.061250,9.703750,0.833077,0.068503,0.517951,Dumbbell_ Shoulder_Shrug_221805058
-10.640000,2.975000,10.465000,0.875411,0.137189,0.506788,Dumbbell_ Shoulder_Shrug_221805058
-10.526250,1.706250,10.010000,0.888587,0.153720,0.477630,Dumbbell_ Shoulder_Shrug_221805058
0.157500,-2.100000,7.498750,0.877424,0.138104,0.457927,Dumbbell_ Shoulder_Shrug_221805058
9.213750,-5.048750,4.707500,0.870836,0.145363,0.456768,Dumbbell_ Shoulder_Shrug_221805058
-14.332500,-17.674999,11.366250,1.048407,0.100894,0.643123,Dumbbell_ Shoulder_Shrug_221805058
-13.308750,-18.969999,10.981250,1.035841,0.109129,0.632448,Dumbbell_ Shoulder_Shrug_221805058
-11.348750,-20.667500,9.546250,1.020103,0.119621,0.625067,Dumbbell_ Shoulder_Shrug_221805058
-8.933750,-24.325001,7.988750,1.006012,0.130418,0.606950,Dumbbell_ Shoulder_Shrug_221805058
-6.833750,-23.091249,6.938750,0.989969,0.135542,0.598349,Dumbbell_ Shoulder_Shrug_221805058
-4.672500,-23.038750,6.361250,0.976488,0.140239,0.584197,Dumbbell_ Shoulder_Shrug_221805058
-0.770000,-23.450001,6.387500,0.955260,0.129930,0.570289,Dumbbell_ Shoulder_Shrug_221805058
1.750000,-23.309999,6.466250,0.934581,0.121878,0.556259,Dumbbell_ Shoulder_Shrug_221805058
3.850000,-22.732500,6.422500,0.892613,0.112972,0.542839,Dumbbell_ Shoulder_Shrug_221805058
5.398750,-22.321251,5.993750,0.873581,0.101016,0.532652,Dumbbell_ Shoulder_Shrug_221805058
6.536250,-21.201250,5.425000,0.852475,0.091256,0.518134,Dumbbell_ Shoulder_Shrug_221805058
7.551250,-20.177500,2.537500,0.829600,0.083387,0.503555,Dumbbell_ Shoulder_Shrug_221805058
8.050000,-19.337500,3.981250,0.814655,0.081862,0.494649,Dumbbell_ Shoulder_Shrug_221805058
8.155000,-18.453751,4.033750,0.808494,0.085583,0.470493,Dumbbell_ Shoulder_Shrug_221805058
7.892500,-15.881250,4.217500,0.810202,0.092781,0.481900,Dumbbell_ Shoulder_Shrug_221805058
7.761250,-14.297500,4.322500,0.813984,0.099003,0.480192,Dumbbell_ Shoulder_Shrug_221805058
8.233750,-12.740000,4.130000,0.815143,0.103944,0.477020,Dumbbell_ Shoulder_Shrug_221805058
10.080000,-11.742500,3.412500,0.817888,0.115229,0.474397,Dumbbell_ Shoulder_Shrug_221805058
11.270000,-10.771250,2.940000,0.826611,0.129991,0.468419,Dumbbell_ Shoulder_Shrug_221805058
12.880000,-10.123750,2.450000,0.839177,0.136579,0.468114,Dumbbell_ Shoulder_Shrug_221805058
14.463750,-9.450000,1.933750,0.847534,0.139141,0.472262,Dumbbell_ Shoulder_Shrug_221805058
16.309999,-8.811250,1.233750,0.861259,0.143472,0.477752,Dumbbell_ Shoulder_Shrug_221805058
18.331249,-8.575000,-0.131250,0.874496,0.144326,0.487268,Dumbbell_ Shoulder_Shrug_221805058
20.597500,-8.601250,-1.303750,0.882426,0.138287,0.488061,Dumbbell_ Shoulder_Shrug_221805058
22.478750,-9.082500,-2.738750,0.886574,0.131089,0.509899,Dumbbell_ Shoulder_Shrug_221805058
23.940001,-9.607500,-3.683750,0.900909,0.126697,0.502701,Dumbbell_ Shoulder_Shrug_221805058
24.526251,-10.316250,-4.156250,0.903410,0.121634,0.499590,Dumbbell_ Shoulder_Shrug_221805058
25.383751,-11.392500,-4.620000,0.901153,0.099918,0.501786,Dumbbell_ Shoulder_Shrug_221805058
25.672501,-12.232500,-5.346250,0.899384,0.090890,0.501542,Dumbbell_ Shoulder_Shrug_221805058
25.812500,-13.002500,-6.160000,0.876753,0.081313,0.504287,Dumbbell_ Shoulder_Shrug_221805058
25.725000,-13.527500,-7.052500,0.880108,0.074603,0.506239,Dumbbell_ Shoulder_Shrug_221805058
25.567499,-13.501250,-7.805000,0.878217,0.072590,0.510753,Dumbbell_ Shoulder_Shrug_221805058
24.753750,-13.265000,-8.015000,0.873459,0.073078,0.515267,Dumbbell_ Shoulder_Shrug_221805058
23.870001,-12.477500,-7.822500,0.876814,0.073627,0.520086,Dumbbell_ Shoulder_Shrug_221805058
23.135000,-11.261250,-7.717500,0.881633,0.071431,0.524844,Dumbbell_ Shoulder_Shrug_221805058
22.242500,-7.402500,-7.840000,0.887855,0.073139,0.531310,Dumbbell_ Shoulder_Shrug_221805058
21.559999,-7.043750,-8.277500,0.890722,0.073688,0.532042,Dumbbell_ Shoulder_Shrug_221805058
21.288750,-5.241250,-8.767500,0.889075,0.074542,0.531432,Dumbbell_ Shoulder_Shrug_221805058
20.483749,-3.946250,-9.275000,0.890905,0.073993,0.533323,Dumbbell_ Shoulder_Shrug_221805058
19.521250,-2.528750,-9.450000,0.898225,0.081374,0.543205,Dumbbell_ Shoulder_Shrug_221805058
18.261250,-1.680000,-9.310000,0.926712,0.087230,0.543083,Dumbbell_ Shoulder_Shrug_221805058
17.010000,-1.330000,-8.653750,0.936472,0.079422,0.537593,Dumbbell_ Shoulder_Shrug_221805058
16.082500,-0.988750,-8.365000,0.939461,0.069418,0.533445,Dumbbell_ Shoulder_Shrug_221805058
15.172500,-1.233750,-8.443750,0.941169,0.063074,0.525393,Dumbbell_ Shoulder_Shrug_221805058
14.000000,-1.627500,-9.108750,0.941169,0.058011,0.524783,Dumbbell_ Shoulder_Shrug_221805058
12.451250,-2.520000,-9.485000,0.941047,0.054107,0.520452,Dumbbell_ Shoulder_Shrug_221805058
10.753750,-4.287500,-9.878750,0.938485,0.048922,0.514535,Dumbbell_ Shoulder_Shrug_221805058
8.688750,-5.670000,-10.132500,0.933178,0.044530,0.511119,Dumbbell_ Shoulder_Shrug_221805058
6.282500,-7.192500,-10.132500,0.931897,0.042761,0.498797,Dumbbell_ Shoulder_Shrug_221805058
3.045000,-8.846250,-9.625000,0.924394,0.038186,0.488061,Dumbbell_ Shoulder_Shrug_221805058
1.610000,-10.193750,-9.047500,0.917318,0.036234,0.479643,Dumbbell_ Shoulder_Shrug_221805058
0.367500,-11.978750,-8.181250,0.894443,0.037027,0.471591,Dumbbell_ Shoulder_Shrug_221805058
-0.411250,-12.923750,-7.385000,0.897310,0.040382,0.463234,Dumbbell_ Shoulder_Shrug_221805058
-0.831250,-13.816250,-6.615000,0.890051,0.044591,0.465308,Dumbbell_ Shoulder_Shrug_221805058
-1.330000,-13.763750,-5.608750,0.886269,0.049776,0.466589,Dumbbell_ Shoulder_Shrug_221805058
-1.688750,-14.035000,-3.928750,0.890356,0.061122,0.474031,Dumbbell_ Shoulder_Shrug_221805058
-1.881250,-13.510000,-2.100000,0.899506,0.073017,0.476410,Dumbbell_ Shoulder_Shrug_221805058
-1.855000,-12.127500,-0.463750,0.904325,0.081557,0.482815,Dumbbell_ Shoulder_Shrug_221805058
-1.260000,-11.051250,0.717500,0.906216,0.085339,0.485743,Dumbbell_ Shoulder_Shrug_221805058
-0.131250,-10.465000,1.601250,0.901275,0.087474,0.485743,Dumbbell_ Shoulder_Shrug_221805058
1.680000,-9.458750,2.056250,0.897981,0.095709,0.489769,Dumbbell_ Shoulder_Shrug_221805058
2.493750,-8.505000,2.555000,0.896883,0.099613,0.490318,Dumbbell_ Shoulder_Shrug_221805058
3.097500,-7.691250,2.642500,0.892308,0.100833,0.489403,Dumbbell_ Shoulder_Shrug_221805058
3.753750,-6.790000,2.651250,0.893406,0.103273,0.492941,Dumbbell_ Shoulder_Shrug_221805058
4.340000,-6.090000,2.843750,0.890661,0.102236,0.493368,Dumbbell_ Shoulder_Shrug_221805058
4.970000,-6.063750,2.966250,0.893162,0.106750,0.488122,Dumbbell_ Shoulder_Shrug_221805058
5.398750,-5.993750,3.167500,0.895846,0.105591,0.485682,Dumbbell_ Shoulder_Shrug_221805058
5.757500,-6.177500,3.010000,0.891759,0.103456,0.478301,Dumbbell_ Shoulder_Shrug_221805058
5.967500,-6.553750,2.686250,0.887611,0.099125,0.475678,Dumbbell_ Shoulder_Shrug_221805058
5.731250,-6.825000,1.986250,0.883585,0.096441,0.473909,Dumbbell_ Shoulder_Shrug_221805058
5.818750,-6.956250,1.400000,0.880901,0.096441,0.475800,Dumbbell_ Shoulder_Shrug_221805058
5.582500,-7.218750,1.050000,0.880108,0.099369,0.481412,Dumbbell_ Shoulder_Shrug_221805058
5.460000,-7.140000,0.918750,0.882426,0.100894,0.482266,Dumbbell_ Shoulder_Shrug_221805058
5.320000,-7.288750,0.918750,0.884134,0.095526,0.483730,Dumbbell_ Shoulder_Shrug_221805058
5.110000,-6.903750,1.023750,0.887123,0.093330,0.487634,Dumbbell_ Shoulder_Shrug_221805058
4.637500,-6.282500,1.233750,0.891454,0.092415,0.492087,Dumbbell_ Shoulder_Shrug_221805058
4.191250,-6.081250,1.303750,0.894565,0.091134,0.499895,Dumbbell_ Shoulder_Shrug_221805058
3.456250,-5.608750,1.172500,0.895053,0.089121,0.504531,Dumbbell_ Shoulder_Shrug_221805058
2.458750,-5.565000,0.813750,0.896090,0.086986,0.508801,Dumbbell_ Shoulder_Shrug_221805058
1.496250,-5.363750,0.568750,0.899811,0.088206,0.509472,Dumbbell_ Shoulder_Shrug_221805058
0.525000,-5.328750,0.525000,0.905057,0.089792,0.507337,Dumbbell_ Shoulder_Shrug_221805058
-1.093750,-5.565000,0.341250,0.909449,0.088267,0.507093,Dumbbell_ Shoulder_Shrug_221805058
-2.152500,-5.451250,0.157500,0.910913,0.088145,0.508740,Dumbbell_ Shoulder_Shrug_221805058
-3.412500,-5.643750,-0.498750,0.910852,0.088084,0.507642,Dumbbell_ Shoulder_Shrug_221805058
-4.497500,-5.530000,-1.400000,0.923052,0.093208,0.512827,Dumbbell_ Shoulder_Shrug_221805058
-5.740000,-5.057500,-1.846250,0.933178,0.098637,0.521184,Dumbbell_ Shoulder_Shrug_221805058
-6.798750,-4.340000,-2.012500,0.942694,0.103639,0.522099,Dumbbell_ Shoulder_Shrug_221805058
-7.595000,-3.893750,-1.723750,0.941596,0.100650,0.516121,Dumbbell_ Shoulder_Shrug_221805058
-8.260000,-3.535000,-1.583750,0.946964,0.102480,0.517219,Dumbbell_ Shoulder_Shrug_221805058
-9.126250,-3.010000,-1.715000,0.952454,0.107116,0.515938,Dumbbell_ Shoulder_Shrug_221805058
-9.905000,-3.088750,-1.951250,0.957212,0.112423,0.514901,Dumbbell_ Shoulder_Shrug_221805058
-10.753750,-3.141250,-2.353750,0.955382,0.111935,0.511241,Dumbbell_ Shoulder_Shrug_221805058
-11.768750,-3.342500,-3.115000,0.958188,0.110776,0.513742,Dumbbell_ Shoulder_Shrug_221805058
-12.503750,-3.876250,-3.578750,0.964166,0.114497,0.511058,Dumbbell_ Shoulder_Shrug_221805058
-13.308750,-4.025000,-3.762500,0.970022,0.114558,0.505019,Dumbbell_ Shoulder_Shrug_221805058
-14.105000,-4.550000,-3.937500,0.970937,0.111752,0.500932,Dumbbell_ Shoulder_Shrug_221805058
-14.708750,-5.031250,-4.243750,0.966240,0.110410,0.494344,Dumbbell_ Shoulder_Shrug_221805058
-14.918750,-5.512500,-4.716250,0.964349,0.107055,0.489281,Dumbbell_ Shoulder_Shrug_221805058
-14.455000,-6.256250,-4.655000,0.956602,0.106506,0.478423,Dumbbell_ Shoulder_Shrug_221805058
-13.825000,-7.140000,-4.593750,0.948123,0.100772,0.472567,Dumbbell_ Shoulder_Shrug_221805058
-13.256250,-7.708750,-4.156250,0.944341,0.102358,0.470432,Dumbbell_ Shoulder_Shrug_221805058
-12.941250,-8.093750,-3.447500,0.944402,0.105530,0.473299,Dumbbell_ Shoulder_Shrug_221805058
-12.783750,-8.128750,-2.380000,0.941047,0.107787,0.471469,Dumbbell_ Shoulder_Shrug_221805058
-12.206250,-8.146250,-1.863750,0.933605,0.098881,0.467565,Dumbbell_ Shoulder_Shrug_221805058
-11.628750,-8.470000,-1.688750,0.924150,0.099369,0.465918,Dumbbell_ Shoulder_Shrug_221805058
-11.068750,-8.592500,-1.470000,0.922808,0.105408,0.470981,Dumbbell_ Shoulder_Shrug_221805058
-10.683750,-8.155000,-0.831250,0.925919,0.111325,0.476532,Dumbbell_ Shoulder_Shrug_221805058
-10.377500,-7.595000,0.000000,0.922808,0.111264,0.480253,Dumbbell_ Shoulder_Shrug_221805058
-10.001250,-6.930000,1.417500,0.921283,0.113948,0.478850,Dumbbell_ Shoulder_Shrug_221805058
-9.170000,-5.862500,1.960000,0.922625,0.117730,0.481717,Dumbbell_ Shoulder_Shrug_221805058
-8.286250,-5.145000,2.712500,0.925919,0.126087,0.486780,Dumbbell_ Shoulder_Shrug_221805058
-7.385000,-3.928750,3.220000,0.926041,0.130662,0.482937,Dumbbell_ Shoulder_Shrug_221805058
-6.020000,-3.150000,3.683750,0.925736,0.127551,0.479826,Dumbbell_ Shoulder_Shrug_221805058
-2.485000,-2.721250,4.060000,0.918294,0.115290,0.477569,Dumbbell_ Shoulder_Shrug_221805058
-3.018750,-2.686250,4.410000,0.911218,0.111752,0.473055,Dumbbell_ Shoulder_Shrug_221805058
-2.143750,-2.511250,4.646250,0.903288,0.110715,0.472994,Dumbbell_ Shoulder_Shrug_221805058
-1.750000,-2.922500,4.935000,0.899994,0.109373,0.472323,Dumbbell_ Shoulder_Shrug_221805058
-1.338750,-2.817500,5.626250,0.897798,0.104005,0.469273,Dumbbell_ Shoulder_Shrug_221805058
-0.945000,-3.500000,6.203750,0.891271,0.101077,0.467077,Dumbbell_ Shoulder_Shrug_221805058
-0.595000,-3.718750,6.510000,0.886269,0.099552,0.466223,Dumbbell_ Shoulder_Shrug_221805058
-0.446250,-4.130000,6.746250,0.880108,0.099613,0.464393,Dumbbell_ Shoulder_Shrug_221805058
-0.341250,-6.685000,6.895000,0.877302,0.102541,0.467626,Dumbbell_ Shoulder_Shrug_221805058
-0.008750,-5.048750,7.332500,0.879681,0.103700,0.474885,Dumbbell_ Shoulder_Shrug_221805058
0.280000,-4.812500,8.015000,0.888831,0.108153,0.485316,Dumbbell_ Shoulder_Shrug_221805058
-0.201250,-4.462500,8.391250,0.903227,0.122854,0.496601,Dumbbell_ Shoulder_Shrug_221805058
-0.087500,-3.911250,8.303750,0.912316,0.121817,0.503799,Dumbbell_ Shoulder_Shrug_221805058
0.647500,-3.237500,7.822500,0.917379,0.117730,0.508313,Dumbbell_ Shoulder_Shrug_221805058
1.531250,-2.800000,6.991250,0.917379,0.117425,0.511546,Dumbbell_ Shoulder_Shrug_221805058
2.082500,-2.371250,6.326250,0.918965,0.122061,0.517097,Dumbbell_ Shoulder_Shrug_221805058
1.942500,-1.566250,6.440000,0.919026,0.125599,0.517463,Dumbbell_ Shoulder_Shrug_221805058
1.715000,-1.172500,6.641250,0.919575,0.122244,0.518073,Dumbbell_ Shoulder_Shrug_221805058
1.426250,-0.148750,6.475000,0.917562,0.117669,0.514840,Dumbbell_ Shoulder_Shrug_221805058
1.356250,0.612500,6.011250,0.911218,0.115778,0.507154,Dumbbell_ Shoulder_Shrug_221805058
1.741250,1.076250,5.705000,0.912255,0.114680,0.505202,Dumbbell_ Shoulder_Shrug_221805058
1.671250,1.172500,5.643750,0.921649,0.125477,0.510875,Dumbbell_ Shoulder_Shrug_221805058
0.568750,1.785000,5.670000,0.935679,0.132492,0.514352,Dumbbell_ Shoulder_Shrug_221805058
-0.175000,2.432500,5.372500,0.946964,0.131577,0.511912,Dumbbell_ Shoulder_Shrug_221805058
-0.332500,2.642500,4.620000,0.955077,0.128527,0.509350,Dumbbell_ Shoulder_Shrug_221805058
-0.218750,2.642500,3.701250,0.965386,0.131150,0.506239,Dumbbell_ Shoulder_Shrug_221805058
-0.350000,1.846250,2.922500,0.972218,0.139446,0.507581,Dumbbell_ Shoulder_Shrug_221805058
-0.402500,1.662500,2.581250,0.974597,0.140239,0.506117,Dumbbell_ Shoulder_Shrug_221805058
0.236250,0.805000,2.292500,0.968802,0.133041,0.501359,Dumbbell_ Shoulder_Shrug_221805058
1.645000,-0.245000,1.583750,0.958615,0.122549,0.497516,Dumbbell_ Shoulder_Shrug_221805058
2.730000,-1.347500,0.988750,0.954345,0.120231,0.502396,Dumbbell_ Shoulder_Shrug_221805058
3.193750,-1.225000,0.892500,0.954589,0.126758,0.507825,Dumbbell_ Shoulder_Shrug_221805058
3.228750,-0.822500,1.242500,0.953613,0.124745,0.509350,Dumbbell_ Shoulder_Shrug_221805058
4.007500,-0.551250,1.610000,0.942633,0.111325,0.507825,Dumbbell_ Shoulder_Shrug_221805058
5.110000,-0.542500,1.540000,0.935923,0.101138,0.512949,Dumbbell_ Shoulder_Shrug_221805058
5.521250,-0.341250,1.645000,0.936838,0.102846,0.522465,Dumbbell_ Shoulder_Shrug_221805058
5.232500,0.472500,1.653750,0.948611,0.109983,0.527894,Dumbbell_ Shoulder_Shrug_221805058
4.480000,1.723750,1.942500,0.958554,0.111752,0.535336,Dumbbell_ Shoulder_Shrug_221805058
4.060000,2.738750,2.205000,0.970693,0.110471,0.540643,Dumbbell_ Shoulder_Shrug_221805058
4.270000,3.797500,2.065000,0.975329,0.106628,0.542473,Dumbbell_ Shoulder_Shrug_221805058
4.935000,4.383750,1.680000,0.974719,0.102419,0.543449,Dumbbell_ Shoulder_Shrug_221805058
5.731250,4.637500,1.216250,0.970449,0.094367,0.538874,Dumbbell_ Shoulder_Shrug_221805058
6.527500,4.961250,1.093750,0.964105,0.086071,0.536251,Dumbbell_ Shoulder_Shrug_221805058
7.166250,4.970000,1.382500,0.960201,0.074542,0.532164,Dumbbell_ Shoulder_Shrug_221805058
6.982500,5.022500,2.091250,0.956602,0.071065,0.535214,Dumbbell_ Shoulder_Shrug_221805058
6.063750,5.127500,3.167500,0.955748,0.076189,0.539545,Dumbbell_ Shoulder_Shrug_221805058
4.803750,5.285000,4.480000,0.965569,0.078812,0.543876,Dumbbell_ Shoulder_Shrug_221805058
3.570000,5.687500,5.565000,0.966850,0.085034,0.550098,Dumbbell_ Shoulder_Shrug_221805058
3.053750,5.696250,6.037500,0.967826,0.084058,0.553331,Dumbbell_ Shoulder_Shrug_221805058
3.071250,5.792500,6.168750,0.963312,0.082960,0.556259,Dumbbell_ Shoulder_Shrug_221805058
3.237500,5.696250,6.107500,0.959774,0.080825,0.557418,Dumbbell_ Shoulder_Shrug_221805058
3.176250,5.608750,6.282500,0.958127,0.082106,0.561017,Dumbbell_ Shoulder_Shrug_221805058
2.765000,6.615000,6.772500,0.960140,0.078263,0.564921,Dumbbell_ Shoulder_Shrug_221805058
2.196250,6.807500,7.341250,0.958737,0.073627,0.563030,Dumbbell_ Shoulder_Shrug_221805058
1.225000,7.000000,8.128750,0.954772,0.061244,0.554124,Dumbbell_ Shoulder_Shrug_221805058
0.831250,6.475000,8.426250,0.946354,0.054595,0.545889,Dumbbell_ Shoulder_Shrug_221805058
0.026250,6.230000,8.706250,0.939705,0.056303,0.542595,Dumbbell_ Shoulder_Shrug_221805058
-1.268750,6.011250,9.423750,0.941047,0.067893,0.542046,Dumbbell_ Shoulder_Shrug_221805058
-2.703750,6.116250,10.491250,0.944890,0.080154,0.549122,Dumbbell_ Shoulder_Shrug_221805058
-3.640000,5.836250,12.092500,0.947574,0.087962,0.552843,Dumbbell_ Shoulder_Shrug_221805058
-4.016250,5.941250,12.608750,0.947574,0.088267,0.551318,Dumbbell_ Shoulder_Shrug_221805058
-3.613750,5.845000,12.477500,0.950868,0.091195,0.573278,Dumbbell_ Shoulder_Shrug_221805058
-3.885000,6.230000,12.923750,0.957029,0.105164,0.568642,Dumbbell_ Shoulder_Shrug_221805058
-4.768750,7.332500,12.950000,0.955504,0.114314,0.567483,Dumbbell_ Shoulder_Shrug_221805058
-5.477500,7.673750,12.836250,0.951966,0.118645,0.567666,Dumbbell_ Shoulder_Shrug_221805058
-5.328750,7.980000,11.908750,0.947391,0.113277,0.562847,Dumbbell_ Shoulder_Shrug_221805058
-5.005000,8.435000,10.613750,0.939156,0.113582,0.554978,Dumbbell_ Shoulder_Shrug_221805058
-4.672500,8.907500,9.283750,0.924943,0.110776,0.550647,Dumbbell_ Shoulder_Shrug_221805058
-4.576250,9.152500,8.470000,0.916769,0.101382,0.543937,Dumbbell_ Shoulder_Shrug_221805058
-5.136250,9.327500,8.470000,0.902190,0.088633,0.532164,Dumbbell_ Shoulder_Shrug_221805058
-5.932500,8.592500,8.233750,0.888404,0.075640,0.522831,Dumbbell_ Shoulder_Shrug_221805058
-7.078750,8.251250,8.172500,0.880535,0.073932,0.512705,Dumbbell_ Shoulder_Shrug_221805058
-8.601250,7.770000,8.303750,0.872239,0.077287,0.501725,Dumbbell_ Shoulder_Shrug_221805058
-9.966250,7.481250,8.452500,0.864492,0.074298,0.493856,Dumbbell_ Shoulder_Shrug_221805058
-10.710000,6.571250,8.522500,0.855708,0.064416,0.491233,Dumbbell_ Shoulder_Shrug_221805058
-11.436250,5.915000,8.242500,0.849303,0.063440,0.499102,Dumbbell_ Shoulder_Shrug_221805058
-13.448750,5.372500,7.752500,0.851621,0.070028,0.500993,Dumbbell_ Shoulder_Shrug_221805058
-15.286250,5.538750,7.253750,0.848632,0.072468,0.501115,Dumbbell_ Shoulder_Shrug_221805058
-16.983749,5.775000,6.300000,0.851011,0.073078,0.501603,Dumbbell_ Shoulder_Shrug_221805058
-18.541250,5.442500,5.442500,0.877424,0.084119,0.518805,Dumbbell_ Shoulder_Shrug_221805058
-20.938749,5.853750,5.083750,0.909998,0.114924,0.536190,Dumbbell_ Shoulder_Shrug_221805058
-23.537500,7.122500,4.401250,0.918172,0.128283,0.538386,Dumbbell_ Shoulder_Shrug_221805058
-24.771250,7.288750,2.292500,0.908351,0.118096,0.529968,Dumbbell_ Shoulder_Shrug_221805058
-24.920000,6.195000,-0.280000,0.902983,0.112301,0.516670,Dumbbell_ Shoulder_Shrug_221805058
-25.305000,4.646250,-2.397500,0.898530,0.119194,0.510265,Dumbbell_ Shoulder_Shrug_221805058
-25.742500,3.517500,-3.543750,0.883768,0.124684,0.498980,Dumbbell_ Shoulder_Shrug_221805058
-24.946251,2.205000,-3.806250,0.862052,0.098210,0.482937,Dumbbell_ Shoulder_Shrug_221805058
-23.362499,0.341250,-3.928750,0.830332,0.072224,0.463112,Dumbbell_ Shoulder_Shrug_221805058
-21.831249,-0.901250,-4.077500,0.795867,0.055144,0.447740,Dumbbell_ Shoulder_Shrug_221805058
-20.571251,-1.758750,-4.165000,0.760792,0.047641,0.441884,Dumbbell_ Shoulder_Shrug_221805058
-20.098749,-1.750000,-3.508750,0.755058,0.045933,0.447008,Dumbbell_ Shoulder_Shrug_221805058
-20.256250,-1.330000,-0.297500,0.751459,0.044347,0.452254,Dumbbell_ Shoulder_Shrug_221805058
-20.177500,-0.271250,-1.295000,0.749019,0.037942,0.450180,Dumbbell_ Shoulder_Shrug_221805058
-19.066250,-0.175000,-1.093750,0.756705,0.028853,0.458232,Dumbbell_ Shoulder_Shrug_221805058
-18.523750,1.190000,-0.603750,0.784033,0.036417,0.490989,Dumbbell_ Shoulder_Shrug_221805058
-19.328751,3.508750,0.315000,0.809836,0.060451,0.504043,Dumbbell_ Shoulder_Shrug_221805058
-20.448750,5.775000,1.085000,0.825452,0.073627,0.515206,Dumbbell_ Shoulder_Shrug_221805058
-19.643749,6.553750,1.198750,0.841312,0.082045,0.521916,Dumbbell_ Shoulder_Shrug_221805058
-18.707500,7.463750,1.190000,0.860710,0.100772,0.528260,Dumbbell_ Shoulder_Shrug_221805058
-16.948750,8.443750,0.883750,0.882365,0.114009,0.532957,Dumbbell_ Shoulder_Shrug_221805058
-13.982500,8.872500,0.848750,0.878461,0.116632,0.531432,Dumbbell_ Shoulder_Shrug_221805058
-9.773750,9.301250,1.382500,0.864736,0.110593,0.525759,Dumbbell_ Shoulder_Shrug_221805058
-5.600000,9.327500,2.730000,0.848144,0.105286,0.524539,Dumbbell_ Shoulder_Shrug_221805058
-1.242500,9.441250,3.570000,0.829722,0.092781,0.528565,Dumbbell_ Shoulder_Shrug_221805058
2.975000,9.362500,4.243750,0.809714,0.072346,0.535580,Dumbbell_ Shoulder_Shrug_221805058
5.845000,10.220000,5.048750,0.796904,0.049776,0.546133,Dumbbell_ Shoulder_Shrug_221805058
7.341250,11.007500,6.002500,0.793915,0.041541,0.565592,Dumbbell_ Shoulder_Shrug_221805058
7.428750,12.538750,7.227500,0.812642,0.043249,0.591822,Dumbbell_ Shoulder_Shrug_221805058
5.512500,15.058750,8.706250,0.832284,0.048312,0.609878,Dumbbell_ Shoulder_Shrug_221805058
4.270000,16.852501,9.371250,0.835029,0.031903,0.619638,Dumbbell_ Shoulder_Shrug_221805058
3.736250,17.325001,8.715000,0.830271,0.015189,0.626287,Dumbbell_ Shoulder_Shrug_221805058
1.627500,17.736250,7.630000,0.837347,0.013603,0.640439,Dumbbell_ Shoulder_Shrug_221805058
-2.205000,18.471251,6.300000,0.840580,0.026657,0.645136,Dumbbell_ Shoulder_Shrug_221805058
-6.536250,20.221251,3.482500,0.828563,0.026718,0.635315,Dumbbell_ Shoulder_Shrug_221805058
-10.211250,20.046249,0.953750,0.810873,0.015189,0.617015,Dumbbell_ Shoulder_Shrug_221805058
-13.475000,18.821251,-1.627500,0.796355,0.008723,0.580293,Dumbbell_ Shoulder_Shrug_221805058
-16.572500,16.178749,-3.701250,0.796721,0.022326,0.573400,Dumbbell_ Shoulder_Shrug_221805058
-19.844999,15.758750,-4.007500,0.822402,0.057401,0.572485,Dumbbell_ Shoulder_Shrug_221805058
-23.082500,16.301250,-3.342500,0.842715,0.112423,0.558272,Dumbbell_ Shoulder_Shrug_221805058
-22.540001,16.546249,-2.940000,0.842044,0.110105,0.536556,Dumbbell_ Shoulder_Shrug_221805058
-17.132500,15.452500,-3.447500,0.812703,0.098149,0.523258,Dumbbell_ Shoulder_Shrug_221805058
-10.351250,14.026250,-4.156250,0.815265,0.099369,0.518744,Dumbbell_ Shoulder_Shrug_221805058
-4.637500,13.877500,-4.147500,0.817766,0.106262,0.530029,Dumbbell_ Shoulder_Shrug_221805058
-0.227500,14.918750,-0.586250,0.818315,0.093147,0.546377,Dumbbell_ Shoulder_Shrug_221805058
3.386250,16.231251,-0.061250,0.814533,0.058194,0.562969,Dumbbell_ Shoulder_Shrug_221805058
6.072500,16.178749,1.575000,0.813984,0.026169,0.575657,Dumbbell_ Shoulder_Shrug_221805058
6.772500,16.450001,2.327500,0.813008,0.017690,0.587796,Dumbbell_ Shoulder_Shrug_221805058
5.897500,17.368750,2.292500,0.813496,0.020374,0.591944,Dumbbell_ Shoulder_Shrug_221805058
4.348750,18.147499,1.802500,0.810446,0.015067,0.591334,Dumbbell_ Shoulder_Shrug_221805058
2.161250,17.596251,1.006250,0.804102,0.007869,0.590724,Dumbbell_ Shoulder_Shrug_221805058
0.332500,17.150000,0.166250,0.800625,0.013603,0.590175,Dumbbell_ Shoulder_Shrug_221805058
-1.505000,16.843750,-0.507500,0.794830,0.024095,0.581269,Dumbbell_ Shoulder_Shrug_221805058
-3.123750,17.254999,-1.303750,0.778604,0.025925,0.562054,Dumbbell_ Shoulder_Shrug_221805058
-3.517500,17.001249,-2.485000,0.768722,0.026718,0.546499,Dumbbell_ Shoulder_Shrug_221805058
-3.325000,17.150000,-3.377500,0.767624,0.035319,0.537410,Dumbbell_ Shoulder_Shrug_221805058
-2.966250,16.773750,-3.438750,0.775127,0.052094,0.537959,Dumbbell_ Shoulder_Shrug_221805058
-2.003750,17.036249,-3.290000,0.779885,0.061305,0.533445,Dumbbell_ Shoulder_Shrug_221805058
-0.402500,17.561251,-3.062500,0.777323,0.059231,0.524905,Dumbbell_ Shoulder_Shrug_221805058
1.452500,17.622499,-2.922500,0.780434,0.055449,0.526186,Dumbbell_ Shoulder_Shrug_221805058
3.412500,17.762501,-2.581250,0.790926,0.075274,0.534116,Dumbbell_ Shoulder_Shrug_221805058
4.733750,18.523750,-1.540000,0.803736,0.073017,0.539301,Dumbbell_ Shoulder_Shrug_221805058
5.433750,19.398750,-1.233750,0.802516,0.059231,0.536861,Dumbbell_ Shoulder_Shrug_221805058
4.602500,-21.008751,-10.578750,0.832467,0.094428,0.443775,Dumbbell_ Shoulder_Shrug_221805058
8.610000,-19.923750,-10.062500,0.821548,0.073993,0.444019,Dumbbell_ Shoulder_Shrug_221805058
11.777500,-18.768749,-9.415000,0.820755,0.051118,0.451156,Dumbbell_ Shoulder_Shrug_221805058
14.848750,-17.456249,-8.181250,0.834907,0.047946,0.473787,Dumbbell_ Shoulder_Shrug_221805058
15.032500,-15.032500,-6.650000,0.887062,0.057157,0.499895,Dumbbell_ Shoulder_Shrug_221805058
-9.275000,-3.902500,4.690000,0.883829,0.097234,0.462258,Dumbbell_ Shoulder_Shrug_221805058
-9.353750,-3.981250,4.366250,0.884805,0.100772,0.456585,Dumbbell_ Shoulder_Shrug_221805058
-9.170000,-4.016250,4.497500,0.885659,0.102175,0.453047,Dumbbell_ Shoulder_Shrug_221805058
-8.855000,-4.068750,4.340000,0.889258,0.105530,0.453840,Dumbbell_ Shoulder_Shrug_221805058
-8.583750,-4.261250,4.007500,0.894443,0.107360,0.454328,Dumbbell_ Shoulder_Shrug_221805058
-7.936250,-3.780000,3.745000,0.895480,0.112301,0.454267,Dumbbell_ Shoulder_Shrug_221805058
-7.393750,-3.780000,3.701250,0.897493,0.112301,0.451827,Dumbbell_ Shoulder_Shrug_221805058
-6.693750,-3.351250,3.613750,0.898713,0.114314,0.452193,Dumbbell_ Shoulder_Shrug_221805058
-5.985000,-3.211250,3.815000,0.900909,0.115717,0.452376,Dumbbell_ Shoulder_Shrug_221805058
-5.547500,-2.633750,3.762500,0.901580,0.120841,0.455121,Dumbbell_ Shoulder_Shrug_221805058
-4.427500,-2.275000,3.683750,0.908717,0.129076,0.455609,Dumbbell_ Shoulder_Shrug_221805058
-3.430000,-2.091250,3.727500,0.910120,0.127856,0.451339,Dumbbell_ Shoulder_Shrug_221805058
-2.248750,-1.925000,3.727500,0.907863,0.126636,0.449692,Dumbbell_ Shoulder_Shrug_221805058
-0.971250,-1.645000,3.570000,0.907131,0.123098,0.447313,Dumbbell_ Shoulder_Shrug_221805058
0.017500,-1.470000,3.368750,0.903166,0.124623,0.449143,Dumbbell_ Shoulder_Shrug_221805058
0.883750,-1.225000,3.167500,0.900848,0.122671,0.449143,Dumbbell_ Shoulder_Shrug_221805058
1.680000,-1.452500,2.633750,0.898591,0.122183,0.448167,Dumbbell_ Shoulder_Shrug_221805058
2.336250,-1.531250,2.380000,0.895785,0.121878,0.449082,Dumbbell_ Shoulder_Shrug_221805058
3.045000,-1.898750,2.108750,0.897920,0.119743,0.448533,Dumbbell_ Shoulder_Shrug_221805058
3.771250,-2.065000,1.942500,0.893406,0.114375,0.448960,Dumbbell_ Shoulder_Shrug_221805058
4.628750,-2.432500,1.636250,0.892735,0.110227,0.452254,Dumbbell_ Shoulder_Shrug_221805058
5.355000,-2.318750,1.365000,0.894504,0.109129,0.460550,Dumbbell_ Shoulder_Shrug_221805058
5.530000,-2.520000,1.067500,0.896944,0.109556,0.467138,Dumbbell_ Shoulder_Shrug_221805058
5.503750,-2.747500,0.848750,0.903044,0.105896,0.473909,Dumbbell_ Shoulder_Shrug_221805058
5.626250,-2.642500,0.533750,0.904813,0.101382,0.481412,Dumbbell_ Shoulder_Shrug_221805058
5.302500,-2.870000,0.595000,0.904203,0.094245,0.484767,Dumbbell_ Shoulder_Shrug_221805058
4.637500,-2.336250,1.067500,0.908900,0.091622,0.493490,Dumbbell_ Shoulder_Shrug_221805058
3.377500,-2.607500,0.796250,0.916403,0.079422,0.500261,Dumbbell_ Shoulder_Shrug_221805058
2.353750,-2.056250,-0.122500,0.922991,0.080703,0.506361,Dumbbell_ Shoulder_Shrug_221805058
1.706250,-2.038750,-1.128750,0.926529,0.088633,0.512339,Dumbbell_ Shoulder_Shrug_221805058
0.708750,-2.257500,-1.645000,0.927261,0.092476,0.509350,Dumbbell_ Shoulder_Shrug_221805058
-0.437500,-3.071250,-2.275000,0.928603,0.088328,0.504287,Dumbbell_ Shoulder_Shrug_221805058
-0.017500,-2.913750,-2.983750,0.929762,0.082960,0.503494,Dumbbell_ Shoulder_Shrug_221805058
1.041250,-3.552500,-3.561250,0.924638,0.083387,0.504775,Dumbbell_ Shoulder_Shrug_221805058
1.715000,-3.605000,-3.666250,0.918904,0.087901,0.506056,Dumbbell_ Shoulder_Shrug_221805058
2.012500,-3.176250,-3.666250,0.918965,0.091073,0.508923,Dumbbell_ Shoulder_Shrug_221805058
2.388750,-2.065000,-3.290000,0.925797,0.093086,0.512766,Dumbbell_ Shoulder_Shrug_221805058
2.887500,-1.531250,-2.651250,0.931409,0.091256,0.516975,Dumbbell_ Shoulder_Shrug_221805058
4.060000,-1.076250,-2.441250,0.940132,0.090402,0.526003,Dumbbell_ Shoulder_Shrug_221805058
5.040000,1.820000,-2.178750,0.949831,0.089487,0.538142,Dumbbell_ Shoulder_Shrug_221805058
5.398750,1.015000,-2.082500,0.958737,0.091927,0.541985,Dumbbell_ Shoulder_Shrug_221805058
5.705000,2.047500,-1.925000,0.963434,0.087291,0.545401,Dumbbell_ Shoulder_Shrug_221805058
6.168750,2.432500,-1.557500,0.968619,0.077348,0.549976,Dumbbell_ Shoulder_Shrug_221805058
5.950000,2.616250,-1.618750,0.974841,0.072407,0.552904,Dumbbell_ Shoulder_Shrug_221805058
5.556250,3.071250,-1.671250,0.980148,0.068869,0.555832,Dumbbell_ Shoulder_Shrug_221805058
4.462500,3.001250,-1.951250,0.989908,0.064355,0.557662,Dumbbell_ Shoulder_Shrug_221805058
2.756250,2.563750,-2.170000,0.988200,0.060939,0.554429,Dumbbell_ Shoulder_Shrug_221805058
0.577500,1.942500,-2.458750,0.986858,0.059109,0.545157,Dumbbell_ Shoulder_Shrug_221805058
-1.557500,0.918750,-2.870000,0.980514,0.061488,0.535153,Dumbbell_ Shoulder_Shrug_221805058
-3.193750,0.096250,-3.220000,0.969412,0.063928,0.519781,Dumbbell_ Shoulder_Shrug_221805058
-4.488750,-2.047500,-3.902500,0.956480,0.067588,0.495686,Dumbbell_ Shoulder_Shrug_221805058
-5.276250,-3.062500,-4.077500,0.949709,0.072102,0.490745,Dumbbell_ Shoulder_Shrug_221805058
-5.468750,-4.313750,-4.025000,0.950075,0.081862,0.489647,Dumbbell_ Shoulder_Shrug_221805058
-5.652500,-4.313750,-3.290000,0.964654,0.106506,0.499346,Dumbbell_ Shoulder_Shrug_221805058
-4.646250,-4.453750,-2.196250,0.970998,0.117364,0.503311,Dumbbell_ Shoulder_Shrug_221805058
-2.660000,-4.051250,-1.295000,0.973987,0.113948,0.504409,Dumbbell_ Shoulder_Shrug_221805058
0.350000,-4.620000,-0.612500,0.972157,0.111142,0.509838,Dumbbell_ Shoulder_Shrug_221805058
2.957500,-4.742500,0.096250,0.974292,0.116022,0.520574,Dumbbell_ Shoulder_Shrug_221805058
4.445000,-4.182500,1.443750,0.981490,0.121146,0.536068,Dumbbell_ Shoulder_Shrug_221805058
5.451250,-2.975000,2.222500,0.979843,0.116632,0.550525,Dumbbell_ Shoulder_Shrug_221805058
6.553750,-2.388750,2.537500,0.976122,0.103334,0.573949,Dumbbell_ Shoulder_Shrug_221805058
7.507500,-2.310000,2.642500,0.966484,0.088328,0.560346,Dumbbell_ Shoulder_Shrug_221805058
7.752500,-2.073750,2.362500,0.955504,0.078995,0.557906,Dumbbell_ Shoulder_Shrug_221805058
7.201250,-1.531250,1.898750,0.948794,0.073993,0.555222,Dumbbell_ Shoulder_Shrug_221805058
5.083750,-1.575000,1.636250,0.947818,0.072651,0.553209,Dumbbell_ Shoulder_Shrug_221805058
3.027500,-0.761250,2.135000,0.950014,0.073749,0.549488,Dumbbell_ Shoulder_Shrug_221805058
1.076250,-0.603750,2.415000,0.948062,0.075396,0.540948,Dumbbell_ Shoulder_Shrug_221805058
-0.481250,-0.822500,2.152500,0.946110,0.074969,0.531066,Dumbbell_ Shoulder_Shrug_221805058
-0.971250,-0.612500,1.697500,0.949892,0.080703,0.526735,Dumbbell_ Shoulder_Shrug_221805058
-1.400000,-1.023750,1.470000,0.963007,0.093208,0.528199,Dumbbell_ Shoulder_Shrug_221805058
-2.528750,-0.533750,1.723750,0.974414,0.106140,0.532957,Dumbbell_ Shoulder_Shrug_221805058
-3.360000,-0.428750,1.776250,0.986309,0.112667,0.539972,Dumbbell_ Shoulder_Shrug_221805058
-3.272500,-0.183750,1.531250,0.987224,0.111508,0.534970,Dumbbell_ Shoulder_Shrug_221805058
-2.940000,-0.910000,0.665000,0.984723,0.112484,0.529541,Dumbbell_ Shoulder_Shrug_221805058
-2.765000,-0.962500,-0.332500,0.979904,0.112911,0.523258,Dumbbell_ Shoulder_Shrug_221805058
-3.106250,-1.251250,-0.927500,0.976061,0.116571,0.522770,Dumbbell_ Shoulder_Shrug_221805058
-3.395000,-1.207500,-0.761250,0.974292,0.120109,0.521184,Dumbbell_ Shoulder_Shrug_221805058
-3.447500,-1.522500,-0.140000,0.967765,0.118096,0.519781,Dumbbell_ Shoulder_Shrug_221805058
-3.290000,-1.872500,0.393750,0.959042,0.112789,0.519781,Dumbbell_ Shoulder_Shrug_221805058
-2.581250,-2.537500,0.201250,0.948733,0.108153,0.517890,Dumbbell_ Shoulder_Shrug_221805058
-1.855000,-3.001250,-0.297500,0.942145,0.107055,0.522343,Dumbbell_ Shoulder_Shrug_221805058
-1.373750,-3.281250,-0.682500,0.936350,0.111691,0.525820,Dumbbell_ Shoulder_Shrug_221805058
-1.111250,-3.395000,-0.953750,0.927627,0.111142,0.533872,Dumbbell_ Shoulder_Shrug_221805058
-0.700000,-3.316250,-0.980000,0.925675,0.110227,0.546682,Dumbbell_ Shoulder_Shrug_221805058
-0.831250,-3.185000,-1.347500,0.926651,0.108092,0.560041,Dumbbell_ Shoulder_Shrug_221805058
-1.968750,-2.380000,-2.292500,0.925065,0.103700,0.567300,Dumbbell_ Shoulder_Shrug_221805058
-3.150000,-1.417500,-3.928750,0.919758,0.096868,0.568825,Dumbbell_ Shoulder_Shrug_221805058
-4.191250,-0.603750,-6.107500,0.913475,0.092415,0.569008,Dumbbell_ Shoulder_Shrug_221805058
-5.346250,-0.350000,-7.717500,0.918294,0.096014,0.569008,Dumbbell_ Shoulder_Shrug_221805058
-6.658750,0.455000,-8.706250,0.929030,0.099369,0.571021,Dumbbell_ Shoulder_Shrug_221805058
-8.172500,0.936250,-9.100000,0.932812,0.100101,0.569862,Dumbbell_ Shoulder_Shrug_221805058
-9.458750,1.837500,-9.511250,0.926102,0.095526,0.561505,Dumbbell_ Shoulder_Shrug_221805058
-10.298750,2.345000,-10.202500,0.910425,0.086376,0.547353,Dumbbell_ Shoulder_Shrug_221805058
-10.692500,2.205000,-11.453750,0.893711,0.082533,0.525881,Dumbbell_ Shoulder_Shrug_221805058
-10.657500,1.785000,-12.556250,0.888709,0.081801,0.517768,Dumbbell_ Shoulder_Shrug_221805058
-10.885000,2.073750,-12.731250,0.885110,0.083448,0.513925,Dumbbell_ Shoulder_Shrug_221805058
-10.893750,1.785000,-12.442500,0.884073,0.074115,0.509655,Dumbbell_ Shoulder_Shrug_221805058
-10.412500,1.793750,-12.031250,0.881267,0.063623,0.511546,Dumbbell_ Shoulder_Shrug_221805058
-9.966250,1.417500,-11.751250,0.880474,0.052887,0.509899,Dumbbell_ Shoulder_Shrug_221805058
-10.080000,1.960000,-11.436250,0.875411,0.046543,0.507154,Dumbbell_ Shoulder_Shrug_221805058
-10.167500,2.248750,-11.191250,0.871263,0.045628,0.506605,Dumbbell_ Shoulder_Shrug_221805058
-10.727500,2.537500,-10.123750,0.859856,0.043737,0.502884,Dumbbell_ Shoulder_Shrug_221805058
-11.138750,2.747500,-9.511250,0.847473,0.036905,0.495381,Dumbbell_ Shoulder_Shrug_221805058
-11.287500,2.371250,-8.890000,0.836066,0.029280,0.487024,Dumbbell_ Shoulder_Shrug_221805058
-11.751250,2.388750,-8.321250,0.831247,0.026718,0.488671,Dumbbell_ Shoulder_Shrug_221805058
-13.011250,2.686250,-7.735000,0.835029,0.035746,0.498675,Dumbbell_ Shoulder_Shrug_221805058
-14.665000,3.535000,-7.087500,0.839726,0.050081,0.501054,Dumbbell_ Shoulder_Shrug_221805058
-16.441250,3.710000,-7.035000,0.836371,0.049898,0.498065,Dumbbell_ Shoulder_Shrug_221805058
-16.546249,3.570000,-7.840000,0.829356,0.048739,0.494527,Dumbbell_ Shoulder_Shrug_221805058
-16.170000,3.123750,-8.697500,0.830637,0.053375,0.495930,Dumbbell_ Shoulder_Shrug_221805058
-15.986250,3.552500,-9.126250,0.835517,0.062952,0.505446,Dumbbell_ Shoulder_Shrug_221805058
-15.916250,4.025000,-9.012500,0.836798,0.067771,0.507520,Dumbbell_ Shoulder_Shrug_221805058
-15.338750,5.180000,-8.216250,0.831979,0.060085,0.504470,Dumbbell_ Shoulder_Shrug_221805058
-14.490000,5.206250,-7.717500,0.827831,0.053009,0.506239,Dumbbell_ Shoulder_Shrug_221805058
-13.790000,5.722500,-7.096250,0.831979,0.051057,0.509045,Dumbbell_ Shoulder_Shrug_221805058
-13.483750,6.930000,-6.685000,0.831918,0.057340,0.514779,Dumbbell_ Shoulder_Shrug_221805058
-13.387500,8.295000,-6.492500,0.832040,0.059536,0.515206,Dumbbell_ Shoulder_Shrug_221805058
-13.028750,8.855000,-6.352500,0.834297,0.045445,0.514901,Dumbbell_ Shoulder_Shrug_221805058
-12.950000,9.913750,-6.308750,0.837713,0.040809,0.521794,Dumbbell_ Shoulder_Shrug_221805058
-14.175000,10.692500,-5.923750,0.873093,0.057828,0.539362,Dumbbell_ Shoulder_Shrug_221805058
-16.826250,12.110000,-5.311250,0.894687,0.081191,0.554551,Dumbbell_ Shoulder_Shrug_221805058
-18.760000,13.702500,-5.372500,0.900360,0.088511,0.551379,Dumbbell_ Shoulder_Shrug_221805058
-19.617500,14.227500,-7.805000,0.894199,0.074664,0.544303,Dumbbell_ Shoulder_Shrug_221805058
-19.608749,13.903750,-10.412500,0.892003,0.076433,0.535580,Dumbbell_ Shoulder_Shrug_221805058
-19.985001,13.571250,-11.961250,0.903410,0.091622,0.534543,Dumbbell_ Shoulder_Shrug_221805058
-21.035000,14.070000,-12.495000,0.910913,0.104432,0.532347,Dumbbell_ Shoulder_Shrug_221805058
-21.288750,13.868750,-12.416250,0.907680,0.090707,0.526003,Dumbbell_ Shoulder_Shrug_221805058
-20.790001,13.116250,-12.643750,0.907314,0.093025,0.527040,Dumbbell_ Shoulder_Shrug_221805058
-20.772499,13.326250,-12.460000,0.914451,0.088755,0.526308,Dumbbell_ Shoulder_Shrug_221805058
-20.264999,13.667500,-12.442500,0.909388,0.085095,0.520818,Dumbbell_ Shoulder_Shrug_221805058
-18.514999,13.501250,-12.696250,0.905240,0.071431,0.524051,Dumbbell_ Shoulder_Shrug_221805058
-16.826250,13.221250,-12.293750,0.911035,0.073505,0.531615,Dumbbell_ Shoulder_Shrug_221805058
-15.627500,13.562500,-10.937500,0.905545,0.083021,0.532408,Dumbbell_ Shoulder_Shrug_221805058
-13.238750,15.181250,-9.073750,0.891515,0.071858,0.528748,Dumbbell_ Shoulder_Shrug_221805058
-9.100000,15.400000,-8.058750,0.883158,0.048556,0.537349,Dumbbell_ Shoulder_Shrug_221805058
-5.678750,15.933750,-6.553750,0.885110,0.046787,0.552416,Dumbbell_ Shoulder_Shrug_221805058
-3.447500,18.427500,-4.803750,0.882304,0.057584,0.567239,Dumbbell_ Shoulder_Shrug_221805058
-0.341250,19.328751,-3.316250,0.870775,0.043737,0.575596,Dumbbell_ Shoulder_Shrug_221805058
6.650000,19.337500,-2.056250,0.861930,0.012627,0.585356,Dumbbell_ Shoulder_Shrug_221805058
9.668750,20.702499,-0.061250,0.859490,-0.005368,0.591212,Dumbbell_ Shoulder_Shrug_221805058
11.550000,22.181250,2.117500,0.852109,-0.013359,0.599264,Dumbbell_ Shoulder_Shrug_221805058
12.845000,23.537500,4.725000,0.838567,-0.029463,0.605730,Dumbbell_ Shoulder_Shrug_221805058
13.221250,24.473749,7.428750,0.835334,-0.053192,0.613721,Dumbbell_ Shoulder_Shrug_221805058
11.725000,25.567499,10.360000,0.828563,-0.070028,0.613904,Dumbbell_ Shoulder_Shrug_221805058
9.056250,26.678749,12.775000,0.806115,-0.083997,0.609817,Dumbbell_ Shoulder_Shrug_221805058
5.871250,26.958750,13.203750,0.784216,-0.102358,0.596397,Dumbbell_ Shoulder_Shrug_221805058
2.038750,23.213751,13.151250,0.767441,-0.114497,0.577365,Dumbbell_ Shoulder_Shrug_221805058
-2.870000,22.093750,13.475000,0.770918,-0.117120,0.570167,Dumbbell_ Shoulder_Shrug_221805058
-8.540000,20.212500,14.341250,0.779153,-0.107116,0.567056,Dumbbell_ Shoulder_Shrug_221805058
-16.633751,17.596251,15.338750,0.785741,-0.095404,0.566202,Dumbbell_ Shoulder_Shrug_221805058
-21.490000,14.656250,15.933750,0.791536,-0.082838,0.565653,Dumbbell_ Shoulder_Shrug_221805058
-26.136250,12.258750,16.257500,0.798246,-0.051179,0.562115,Dumbbell_ Shoulder_Shrug_221805058
-30.135000,11.016250,16.231251,0.791597,-0.016958,0.554368,Dumbbell_ Shoulder_Shrug_221805058
-32.165001,9.537500,15.662500,0.782081,0.001403,0.539301,Dumbbell_ Shoulder_Shrug_221805058
-31.963751,8.583750,14.988750,0.770857,0.011590,0.524417,Dumbbell_ Shoulder_Shrug_221805058
-31.351250,7.446250,14.787500,0.767929,0.037271,0.519964,Dumbbell_ Shoulder_Shrug_221805058
-31.036249,7.525000,15.426250,0.775432,0.074603,0.517524,Dumbbell_ Shoulder_Shrug_221805058
-30.450001,7.288750,15.977500,0.775127,0.095709,0.510082,Dumbbell_ Shoulder_Shrug_221805058
-28.288750,7.306250,15.636250,0.766099,0.099064,0.505324,Dumbbell_ Shoulder_Shrug_221805058
-24.867500,6.877500,14.647500,0.756461,0.103090,0.501542,Dumbbell_ Shoulder_Shrug_221805058
-19.320000,7.113750,13.483750,0.752313,0.127429,0.500078,Dumbbell_ Shoulder_Shrug_221805058
-15.242500,7.490000,12.416250,0.749568,0.132553,0.503067,Dumbbell_ Shoulder_Shrug_221805058
-10.815000,7.481250,11.681250,0.746030,0.119377,0.501237,Dumbbell_ Shoulder_Shrug_221805058
-6.492500,7.980000,11.392500,0.733769,0.107970,0.492941,Dumbbell_ Shoulder_Shrug_221805058
-2.607500,8.680000,11.585000,0.735355,0.101138,0.491477,Dumbbell_ Shoulder_Shrug_221805058
1.435000,9.975000,12.232500,0.733037,0.094001,0.494100,Dumbbell_ Shoulder_Shrug_221805058
5.005000,11.742500,13.448750,0.723887,0.075640,0.496662,Dumbbell_ Shoulder_Shrug_221805058
7.953750,13.300000,13.431250,0.726693,0.054046,0.525576,Dumbbell_ Shoulder_Shrug_221805058
9.257500,15.741250,13.335000,0.738405,0.046726,0.532469,Dumbbell_ Shoulder_Shrug_221805058
8.505000,17.876249,12.145000,0.747677,0.044530,0.535031,Dumbbell_ Shoulder_Shrug_221805058
7.157500,18.620001,9.773750,0.744505,0.010797,0.528077,Dumbbell_ Shoulder_Shrug_221805058
5.958750,18.392500,7.017500,0.739442,-0.006039,0.513742,Dumbbell_ Shoulder_Shrug_221805058
3.937500,17.465000,4.812500,0.739137,-0.004148,0.504104,Dumbbell_ Shoulder_Shrug_221805058
0.682500,16.957500,3.570000,0.756827,0.011285,0.501786,Dumbbell_ Shoulder_Shrug_221805058
-2.677500,15.890000,3.150000,0.767197,0.014335,0.497394,Dumbbell_ Shoulder_Shrug_221805058
-5.355000,14.472500,2.870000,0.773053,0.014518,0.488305,Dumbbell_ Shoulder_Shrug_221805058
-7.105000,12.495000,1.128750,0.780617,0.021045,0.475739,Dumbbell_ Shoulder_Shrug_221805058
-8.163750,11.366250,-0.043750,0.786046,0.033489,0.468297,Dumbbell_ Shoulder_Shrug_221805058
-8.146250,9.380000,-0.883750,0.791780,0.043676,0.470554,Dumbbell_ Shoulder_Shrug_221805058
-8.207500,8.172500,-0.901250,0.799954,0.058194,0.464271,Dumbbell_ Shoulder_Shrug_221805058
-8.382500,8.058750,-0.787500,0.801235,0.067405,0.461770,Dumbbell_ Shoulder_Shrug_221805058
-7.691250,7.901250,-0.577500,0.801662,0.068503,0.454023,Dumbbell_ Shoulder_Shrug_221805058
-4.733750,7.017500,-0.700000,0.798612,0.049410,0.446947,Dumbbell_ Shoulder_Shrug_221805058
-2.852500,6.728750,-0.516250,0.798856,0.043005,0.442433,Dumbbell_ Shoulder_Shrug_221805058
-2.135000,6.597500,-0.297500,0.795196,0.036783,0.436638,Dumbbell_ Shoulder_Shrug_221805058
-2.073750,6.440000,0.157500,0.793610,0.030805,0.435662,Dumbbell_ Shoulder_Shrug_221805058
-2.747500,6.063750,0.673750,0.797026,0.025132,0.431941,Dumbbell_ Shoulder_Shrug_221805058
-4.515000,5.652500,0.962500,0.803675,0.027572,0.428037,Dumbbell_ Shoulder_Shrug_221805058
-6.650000,5.320000,0.673750,0.818559,0.033489,0.433954,Dumbbell_ Shoulder_Shrug_221805058
-8.872500,4.672500,0.306250,0.837774,0.047519,0.440603,Dumbbell_ Shoulder_Shrug_221805058
-11.235000,4.375000,-0.192500,0.858331,0.058865,0.437370,Dumbbell_ Shoulder_Shrug_221805058
-12.932500,3.605000,-1.041250,0.872117,0.064294,0.427183,Dumbbell_ Shoulder_Shrug_221805058
-13.055000,2.520000,-1.881250,0.867115,0.060207,0.413153,Dumbbell_ Shoulder_Shrug_221805058
-10.885000,0.341250,-2.738750,0.857782,0.055998,0.399733,Dumbbell_ Shoulder_Shrug_221805058
-9.423750,-1.837500,-2.957500,0.850523,0.065819,0.399794,Dumbbell_ Shoulder_Shrug_221805058
-8.601250,-3.605000,-2.091250,0.874984,0.080459,0.411933,Dumbbell_ Shoulder_Shrug_221805058
-8.627500,-4.488750,-0.070000,0.899506,0.090097,0.430599,Dumbbell_ Shoulder_Shrug_221805058
-7.866250,-5.171250,4.025000,0.909449,0.082350,0.438651,Dumbbell_ Shoulder_Shrug_221805058
-6.562500,-5.556250,2.301250,0.906887,0.068320,0.440237,Dumbbell_ Shoulder_Shrug_221805058
-5.267500,-6.378750,1.820000,0.899445,0.065514,0.438346,Dumbbell_ Shoulder_Shrug_221805058
-4.480000,-6.273750,1.557500,0.893162,0.073749,0.432124,Dumbbell_ Shoulder_Shrug_221805058
-4.033750,-6.545000,1.855000,0.884805,0.075762,0.426207,Dumbbell_ Shoulder_Shrug_221805058
-3.377500,-7.201250,2.843750,0.877424,0.068930,0.418094,Dumbbell_ Shoulder_Shrug_221805058
-1.986250,-8.268750,3.806250,0.870104,0.061305,0.415349,Dumbbell_ Shoulder_Shrug_221805058
-0.962500,-8.933750,4.296250,0.870287,0.065941,0.418765,Dumbbell_ Shoulder_Shrug_221805058
-0.008750,-9.922500,4.891250,0.876204,0.076799,0.427061,Dumbbell_ Shoulder_Shrug_221805058
1.566250,-11.313750,5.451250,0.875716,0.079239,0.434198,Dumbbell_ Shoulder_Shrug_221805058
4.007500,-13.168750,5.967500,0.871690,0.076250,0.446032,Dumbbell_ Shoulder_Shrug_221805058
7.008750,-15.286250,6.273750,0.867054,0.072529,0.459330,Dumbbell_ Shoulder_Shrug_221805058
10.062500,-16.966249,6.991250,0.868823,0.075152,0.483425,Dumbbell_ Shoulder_Shrug_221805058
31.806250,-1.242500,8.811250,0.935496,0.099186,0.542717,Dumbbell_ Shoulder_Shrug_221805058
33.748749,-0.568750,8.303750,0.941840,0.091439,0.559553,Dumbbell_ Shoulder_Shrug_221805058
34.615002,0.691250,8.190000,0.948550,0.086132,0.572607,Dumbbell_ Shoulder_Shrug_221805058
34.256248,1.820000,8.067500,0.953308,0.073932,0.580049,Dumbbell_ Shoulder_Shrug_221805058
33.564999,3.185000,7.455000,0.952576,0.062647,0.586393,Dumbbell_ Shoulder_Shrug_221805058
-15.487500,15.618750,-20.754999,0.962763,0.067527,0.633241,Dumbbell_ Shoulder_Shrug_221805058
-15.137500,15.426250,-21.455000,0.982039,0.078263,0.635437,Dumbbell_ Shoulder_Shrug_221805058
-11.252500,14.778750,-22.006250,0.990457,0.068808,0.635437,Dumbbell_ Shoulder_Shrug_221805058
-7.315000,13.868750,-22.618750,0.991128,0.057401,0.632936,Dumbbell_ Shoulder_Shrug_221805058
-2.887500,14.140000,-22.767500,0.996496,0.047031,0.634705,Dumbbell_ Shoulder_Shrug_221805058
1.242500,14.945000,-21.621250,0.987346,0.029646,0.631655,Dumbbell_ Shoulder_Shrug_221805058
4.585000,15.452500,-19.250000,0.977342,0.011712,0.627995,Dumbbell_ Shoulder_Shrug_221805058
7.761250,17.053749,-14.131250,0.966484,-0.009577,0.629764,Dumbbell_ Shoulder_Shrug_221805058
9.905000,18.777500,-10.500000,0.962885,-0.032269,0.637938,Dumbbell_ Shoulder_Shrug_221805058
10.132500,20.151251,-7.332500,0.956968,-0.048983,0.643184,Dumbbell_ Shoulder_Shrug_221805058
8.321250,22.093750,-4.821250,0.940315,-0.071370,0.640195,Dumbbell_ Shoulder_Shrug_221805058
5.451250,23.327499,-3.780000,0.921039,-0.094550,0.635620,Dumbbell_ Shoulder_Shrug_221805058
-0.525000,23.336250,-3.211250,0.904874,-0.111935,0.628971,Dumbbell_ Shoulder_Shrug_221805058
-5.678750,22.382500,-2.563750,0.892308,-0.114924,0.615673,Dumbbell_ Shoulder_Shrug_221805058
-10.998750,20.956249,-1.898750,0.876448,-0.111569,0.600911,Dumbbell_ Shoulder_Shrug_221805058
-16.213751,19.459999,-1.286250,0.857111,-0.106384,0.592493,Dumbbell_ Shoulder_Shrug_221805058
-20.868750,18.488750,-0.612500,0.845582,-0.090768,0.581269,Dumbbell_ Shoulder_Shrug_221805058
-25.103750,17.858749,-0.035000,0.828807,-0.073322,0.564677,Dumbbell_ Shoulder_Shrug_221805058
-28.061251,16.791250,0.008750,0.807762,-0.067344,0.557479,Dumbbell_ Shoulder_Shrug_221805058
-29.750000,14.997500,0.175000,0.786229,-0.061061,0.553941,Dumbbell_ Shoulder_Shrug_221805058
-31.543751,12.477500,0.227500,0.774639,-0.048434,0.553209,Dumbbell_ Shoulder_Shrug_221805058
-33.355000,9.861250,0.770000,0.770674,-0.030317,0.558699,Dumbbell_ Shoulder_Shrug_221805058
-34.544998,9.581250,1.058750,0.765550,-0.013176,0.554612,Dumbbell_ Shoulder_Shrug_221805058
-35.026249,9.371250,0.875000,0.747189,-0.009943,0.549610,Dumbbell_ Shoulder_Shrug_221805058
-34.020000,9.266250,0.542500,0.731573,-0.014457,0.541070,Dumbbell_ Shoulder_Shrug_221805058
-33.547501,8.951250,0.577500,0.717543,-0.012688,0.535275,Dumbbell_ Shoulder_Shrug_221805058
-33.188751,8.776250,1.163750,0.701439,-0.009211,0.526552,Dumbbell_ Shoulder_Shrug_221805058
-32.375000,8.837500,1.627500,0.699182,-0.008296,0.516792,Dumbbell_ Shoulder_Shrug_221805058
-31.403749,9.283750,2.047500,0.697474,-0.011529,0.507886,Dumbbell_ Shoulder_Shrug_221805058
-30.397499,9.065000,1.968750,0.696010,-0.015921,0.501908,Dumbbell_ Shoulder_Shrug_221805058
-29.155001,9.380000,1.452500,0.700097,-0.019825,0.491843,Dumbbell_ Shoulder_Shrug_221805058
-27.448750,9.520000,0.883750,0.702354,-0.022448,0.471957,Dumbbell_ Shoulder_Shrug_221805058
-25.252501,9.992500,0.875000,0.710101,-0.018361,0.468541,Dumbbell_ Shoulder_Shrug_221805058
-22.968750,9.957500,2.240000,0.723277,-0.009333,0.462197,Dumbbell_ Shoulder_Shrug_221805058
-20.763750,10.535000,3.955000,0.734867,0.003355,0.449936,Dumbbell_ Shoulder_Shrug_221805058
-18.462500,11.821250,5.600000,0.738466,0.001830,0.442677,Dumbbell_ Shoulder_Shrug_221805058
-15.592500,13.413750,6.938750,0.737612,-0.003538,0.432856,Dumbbell_ Shoulder_Shrug_221805058
-12.258750,13.895000,8.137500,0.733342,0.000854,0.425231,Dumbbell_ Shoulder_Shrug_221805058
-8.855000,14.105000,9.240000,0.732244,0.010370,0.422791,Dumbbell_ Shoulder_Shrug_221805058
-6.037500,14.000000,11.060000,0.733220,0.021106,0.428159,Dumbbell_ Shoulder_Shrug_221805058
-3.771250,13.772500,12.320000,0.738771,0.032269,0.433710,Dumbbell_ Shoulder_Shrug_221805058
-1.846250,13.518750,13.177500,0.741577,0.038857,0.436699,Dumbbell_ Shoulder_Shrug_221805058
0.192500,12.678750,13.597500,0.742980,0.041968,0.446764,Dumbbell_ Shoulder_Shrug_221805058
2.310000,12.337500,13.440000,0.744627,0.049776,0.453596,Dumbbell_ Shoulder_Shrug_221805058
4.348750,12.433750,12.845000,0.744444,0.054595,0.462319,Dumbbell_ Shoulder_Shrug_221805058
6.790000,12.538750,11.733750,0.742004,0.049715,0.469761,Dumbbell_ Shoulder_Shrug_221805058
7.726250,12.713750,10.307500,0.739442,0.045445,0.473970,Dumbbell_ Shoulder_Shrug_221805058
8.225000,12.853750,8.435000,0.738466,0.034221,0.473543,Dumbbell_ Shoulder_Shrug_221805058
8.872500,12.722500,5.993750,0.742675,0.023058,0.474763,Dumbbell_ Shoulder_Shrug_221805058
8.898750,13.186250,3.841250,0.757803,0.018300,0.484767,Dumbbell_ Shoulder_Shrug_221805058
7.962500,13.903750,1.846250,0.772626,0.026169,0.491416,Dumbbell_ Shoulder_Shrug_221805058
6.510000,14.778750,0.507500,0.787144,0.038857,0.495747,Dumbbell_ Shoulder_Shrug_221805058
5.836250,15.286250,-0.656250,0.800259,0.034526,0.497272,Dumbbell_ Shoulder_Shrug_221805058
6.151250,14.271250,-1.741250,0.810873,0.025071,0.500688,Dumbbell_ Shoulder_Shrug_221805058
6.790000,12.950000,-2.388750,0.827343,0.021167,0.508130,Dumbbell_ Shoulder_Shrug_221805058
6.693750,12.687500,-2.625000,0.844240,0.029951,0.520208,Dumbbell_ Shoulder_Shrug_221805058
5.950000,12.320000,-3.176250,0.853146,0.023058,0.531066,Dumbbell_ Shoulder_Shrug_221805058
5.355000,11.681250,-4.086250,0.852109,0.003965,0.529541,Dumbbell_ Shoulder_Shrug_221805058
4.348750,10.675000,-5.162500,0.841617,-0.012810,0.527711,Dumbbell_ Shoulder_Shrug_221805058
3.045000,8.627500,-6.081250,0.836310,-0.021289,0.525454,Dumbbell_ Shoulder_Shrug_221805058
0.743750,6.597500,-6.107500,0.833199,-0.027145,0.527833,Dumbbell_ Shoulder_Shrug_221805058
-2.887500,5.792500,-4.663750,0.842410,-0.024339,0.533628,Dumbbell_ Shoulder_Shrug_221805058
-6.763750,5.110000,-4.488750,0.847961,-0.023119,0.536312,Dumbbell_ Shoulder_Shrug_221805058
-10.158750,4.340000,-4.760000,0.851133,-0.029890,0.526613,Dumbbell_ Shoulder_Shrug_221805058
-12.600000,2.537500,-5.285000,0.845704,-0.039223,0.515755,Dumbbell_ Shoulder_Shrug_221805058
-14.385000,1.373750,-5.591250,0.841739,-0.040992,0.498187,Dumbbell_ Shoulder_Shrug_221805058
-17.832500,0.568750,-5.888750,0.842837,-0.032330,0.485865,Dumbbell_ Shoulder_Shrug_221805058
-17.263750,0.787500,-5.258750,0.844118,-0.027084,0.478789,Dumbbell_ Shoulder_Shrug_221805058
-18.427500,1.233750,-4.243750,0.848022,-0.018849,0.472262,Dumbbell_ Shoulder_Shrug_221805058
-19.180000,1.076250,-2.773750,0.860039,-0.009821,0.464027,Dumbbell_ Shoulder_Shrug_221805058
-19.153749,1.225000,-0.962500,0.872422,0.001037,0.460916,Dumbbell_ Shoulder_Shrug_221805058
-18.523750,1.330000,0.953750,0.882243,0.014518,0.460123,Dumbbell_ Shoulder_Shrug_221805058
-17.438749,0.813750,3.631250,0.890051,0.025254,0.462807,Dumbbell_ Shoulder_Shrug_221805058
-15.443750,-0.280000,5.040000,0.894809,0.034221,0.472689,Dumbbell_ Shoulder_Shrug_221805058
-13.125000,-3.762500,6.081250,0.893772,0.039101,0.484340,Dumbbell_ Shoulder_Shrug_221805058
-10.928750,-4.558750,7.105000,0.877546,0.036417,0.480802,Dumbbell_ Shoulder_Shrug_221805058
-8.828750,-6.361250,7.743750,0.859612,0.024888,0.473970,Dumbbell_ Shoulder_Shrug_221805058
-5.985000,-8.601250,8.128750,0.842898,0.009394,0.475861,Dumbbell_ Shoulder_Shrug_221805058
-4.672500,-10.088750,8.916250,0.838018,0.009760,0.483791,Dumbbell_ Shoulder_Shrug_221805058
-4.130000,-10.753750,10.543750,0.837347,0.018178,0.494710,Dumbbell_ Shoulder_Shrug_221805058
-3.465000,-10.963750,12.381250,0.835639,0.021350,0.504287,Dumbbell_ Shoulder_Shrug_221805058
-2.030000,-11.112500,14.000000,0.825574,0.018422,0.513620,Dumbbell_ Shoulder_Shrug_221805058
-0.393750,-11.488750,15.172500,0.815448,0.011041,0.517829,Dumbbell_ Shoulder_Shrug_221805058
1.487500,-11.576250,16.170000,0.804651,0.003233,0.522404,Dumbbell_ Shoulder_Shrug_221805058
3.053750,-11.138750,17.211250,0.792085,-0.000305,0.531615,Dumbbell_ Shoulder_Shrug_221805058
4.033750,-10.202500,18.077499,0.777872,-0.004392,0.538508,Dumbbell_ Shoulder_Shrug_221805058
4.725000,-9.458750,18.900000,0.764208,-0.006588,0.541070,Dumbbell_ Shoulder_Shrug_221805058
5.591250,-9.318750,19.451250,0.754082,-0.009882,0.550281,Dumbbell_ Shoulder_Shrug_221805058
7.017500,-9.476250,20.326250,0.752801,-0.008113,0.564189,Dumbbell_ Shoulder_Shrug_221805058
7.796250,-9.222500,21.000000,0.754204,-0.003416,0.580293,Dumbbell_ Shoulder_Shrug_221805058
8.435000,-9.240000,21.446251,0.762378,-0.005673,0.596763,Dumbbell_ Shoulder_Shrug_221805058
9.336250,-8.995000,21.805000,0.759389,-0.011041,0.607377,Dumbbell_ Shoulder_Shrug_221805058
9.668750,-9.660000,22.330000,0.760243,-0.017019,0.619394,Dumbbell_ Shoulder_Shrug_221805058
9.651250,-9.668750,23.248751,0.765672,-0.016897,0.635559,Dumbbell_ Shoulder_Shrug_221805058
8.942500,-9.336250,23.975000,0.773114,-0.015677,0.655506,Dumbbell_ Shoulder_Shrug_221805058
7.490000,-7.980000,24.106251,0.771528,-0.019032,0.685396,Dumbbell_ Shoulder_Shrug_221805058
5.346250,-5.530000,23.309999,0.765916,-0.028670,0.685213,Dumbbell_ Shoulder_Shrug_221805058
1.916250,-4.243750,21.726250,0.757193,-0.035380,0.685518,Dumbbell_ Shoulder_Shrug_221805058
-5.171250,-3.605000,18.917500,0.752313,-0.035685,0.680455,Dumbbell_ Shoulder_Shrug_221805058
-11.961250,-2.170000,15.251250,0.756461,-0.030622,0.661057,Dumbbell_ Shoulder_Shrug_221805058
-18.646250,-1.426250,11.051250,0.777872,-0.019581,0.642330,Dumbbell_ Shoulder_Shrug_221805058
-25.383751,-1.505000,6.413750,0.783911,-0.002684,0.613416,Dumbbell_ Shoulder_Shrug_221805058
-30.931250,-2.616250,2.170000,0.799405,0.019276,0.581452,Dumbbell_ Shoulder_Shrug_221805058
-33.932499,-4.506250,-3.771250,0.810568,0.043066,0.548756,Dumbbell_ Shoulder_Shrug_221805058
-33.661251,-6.466250,-5.171250,0.818193,0.063562,0.519171,Dumbbell_ Shoulder_Shrug_221805058
-30.843750,-9.135000,-5.792500,0.831247,0.080154,0.503311,Dumbbell_ Shoulder_Shrug_221805058
-25.952499,-11.830000,-4.768750,0.852841,0.100711,0.509838,Dumbbell_ Shoulder_Shrug_221805058
-19.818750,-14.875000,-2.493750,0.878034,0.119743,0.526613,Dumbbell_ Shoulder_Shrug_221805058
-13.230000,-14.761250,0.376250,0.892125,0.130784,0.545523,Dumbbell_ Shoulder_Shrug_221805058
-2.327500,-13.737500,2.826250,0.890295,0.112179,0.563579,Dumbbell_ Shoulder_Shrug_221805058
4.646250,-11.970000,4.567500,0.871690,0.088206,0.572119,Dumbbell_ Shoulder_Shrug_221805058
10.368750,-10.500000,5.547500,0.831674,0.065575,0.579988,Dumbbell_ Shoulder_Shrug_221805058
14.341250,-8.715000,6.133750,0.839238,0.053924,0.596641,Dumbbell_ Shoulder_Shrug_221805058
16.353750,-6.982500,6.868750,0.844057,0.048495,0.613965,Dumbbell_ Shoulder_Shrug_221805058
17.368750,-5.355000,7.227500,0.846497,0.037576,0.620797,Dumbbell_ Shoulder_Shrug_221805058
18.077499,-4.287500,6.518750,0.839543,0.020008,0.619821,Dumbbell_ Shoulder_Shrug_221805058
18.969999,-3.587500,5.888750,0.828807,0.001830,0.616588,Dumbbell_ Shoulder_Shrug_221805058
19.468750,-3.963750,5.547500,0.831186,-0.009638,0.622505,Dumbbell_ Shoulder_Shrug_221805058
19.923750,-3.613750,5.460000,0.845521,-0.005185,0.639158,Dumbbell_ Shoulder_Shrug_221805058
19.740000,-2.695000,5.600000,0.863333,0.003721,0.650931,Dumbbell_ Shoulder_Shrug_221805058
18.541250,-1.557500,6.142500,0.868457,-0.000305,0.648979,Dumbbell_ Shoulder_Shrug_221805058
18.208750,-1.146250,6.335000,0.858819,-0.020435,0.649345,Dumbbell_ Shoulder_Shrug_221805058
17.613750,-1.575000,6.230000,0.838323,-0.039955,0.642757,Dumbbell_ Shoulder_Shrug_221805058
16.651251,-2.073750,6.098750,0.826428,-0.047824,0.642147,Dumbbell_ Shoulder_Shrug_221805058
14.796250,-2.607500,5.722500,0.825086,-0.047702,0.650870,Dumbbell_ Shoulder_Shrug_221805058
12.127500,-3.710000,5.442500,0.824354,-0.042944,0.657214,Dumbbell_ Shoulder_Shrug_221805058
8.741250,-4.278750,5.547500,0.822707,-0.048129,0.657580,Dumbbell_ Shoulder_Shrug_221805058
5.276250,-5.328750,4.742500,0.816363,-0.055815,0.653066,Dumbbell_ Shoulder_Shrug_221805058
1.811250,-7.087500,3.456250,0.804651,-0.061488,0.645441,Dumbbell_ Shoulder_Shrug_221805058
-1.653750,-8.015000,2.056250,0.797026,-0.061488,0.645075,Dumbbell_ Shoulder_Shrug_221805058
-7.770000,-9.642500,0.796250,0.798673,-0.037820,0.640439,Dumbbell_ Shoulder_Shrug_221805058
-11.156250,-10.377500,-0.175000,0.805688,-0.019886,0.631655,Dumbbell_ Shoulder_Shrug_221805058
-13.798750,-10.053750,-0.980000,0.811300,-0.007869,0.618418,Dumbbell_ Shoulder_Shrug_221805058
-15.041250,-9.887500,-1.723750,0.805627,-0.005612,0.600423,Dumbbell_ Shoulder_Shrug_221805058
-14.953750,-9.826250,-2.301250,0.799466,-0.007869,0.584197,Dumbbell_ Shoulder_Shrug_221805058
-13.938750,-9.703750,-2.397500,0.795074,-0.003416,0.574559,Dumbbell_ Shoulder_Shrug_221805058
-12.862500,-10.202500,-1.417500,0.790377,0.005307,0.568398,Dumbbell_ Shoulder_Shrug_221805058
-11.812500,-9.791250,-0.420000,0.788059,0.008845,0.564372,Dumbbell_ Shoulder_Shrug_221805058
-11.068750,-9.178750,0.463750,0.779946,0.009089,0.558821,Dumbbell_ Shoulder_Shrug_221805058
-10.211250,-8.837500,1.041250,0.767685,-0.000488,0.545828,Dumbbell_ Shoulder_Shrug_221805058
-8.925000,-9.091250,1.338750,0.753655,-0.008052,0.538691,Dumbbell_ Shoulder_Shrug_221805058
-7.525000,-9.520000,1.312500,0.737368,-0.020862,0.529541,Dumbbell_ Shoulder_Shrug_221805058
-7.140000,-10.141250,1.207500,0.722301,-0.023790,0.520757,Dumbbell_ Shoulder_Shrug_221805058
-7.533750,-10.806250,0.918750,0.688080,-0.028060,0.513437,Dumbbell_ Shoulder_Shrug_221805058
-8.785000,-11.095000,0.621250,0.686311,-0.032818,0.503067,Dumbbell_ Shoulder_Shrug_221805058
-10.255000,-11.436250,0.183750,0.675575,-0.040565,0.488793,Dumbbell_ Shoulder_Shrug_221805058
-11.515000,-12.267500,-0.612500,0.669231,-0.046543,0.475922,Dumbbell_ Shoulder_Shrug_221805058
-12.486250,-13.020000,-1.058750,0.671183,-0.048922,0.473604,Dumbbell_ Shoulder_Shrug_221805058
-13.790000,-14.105000,-1.487500,0.682895,-0.039040,0.476776,Dumbbell_ Shoulder_Shrug_221805058
-15.198750,-14.472500,-2.275000,0.703208,-0.009516,0.478545,Dumbbell_ Shoulder_Shrug_221805058
-16.257500,-14.070000,-3.622500,0.729682,0.015250,0.488000,Dumbbell_ Shoulder_Shrug_221805058
-16.353750,-14.052500,-5.057500,0.748592,0.045689,0.493612,Dumbbell_ Shoulder_Shrug_221805058
-14.393750,-13.755000,-6.081250,0.755851,0.033611,0.488976,Dumbbell_ Shoulder_Shrug_221805058
-12.180000,-14.525000,-7.210000,0.753838,0.025681,0.479277,Dumbbell_ Shoulder_Shrug_221805058
-10.167500,-15.260000,-7.752500,0.744810,0.019703,0.465796,Dumbbell_ Shoulder_Shrug_221805058
-8.837500,-15.443750,-7.638750,0.737673,0.016226,0.459086,Dumbbell_ Shoulder_Shrug_221805058
-8.653750,-14.980000,-7.105000,0.730841,0.015067,0.454877,Dumbbell_ Shoulder_Shrug_221805058
-8.706250,-14.910000,-6.658750,0.727486,0.009333,0.444263,Dumbbell_ Shoulder_Shrug_221805058
-8.627500,-15.015000,-7.061250,0.719007,-0.001281,0.431758,Dumbbell_ Shoulder_Shrug_221805058
-8.461250,-16.161249,-7.892500,0.705099,-0.014945,0.418765,Dumbbell_ Shoulder_Shrug_221805058
-8.260000,-18.716249,-8.723750,0.693143,-0.026352,0.403942,Dumbbell_ Shoulder_Shrug_221805058
-8.750000,-20.475000,-9.782500,0.688690,-0.032208,0.397232,Dumbbell_ Shoulder_Shrug_221805058
-9.878750,-21.490000,-10.202500,0.689300,-0.016714,0.391010,Dumbbell_ Shoulder_Shrug_221805058
-12.302500,-21.901251,-10.036250,0.688568,-0.031781,0.385642,Dumbbell_ Shoulder_Shrug_221805058
-13.947500,-22.014999,-9.721250,0.685030,-0.034282,0.387411,Dumbbell_ Shoulder_Shrug_221805058
-15.242500,-23.344999,-9.581250,0.711260,-0.024766,0.405589,Dumbbell_ Shoulder_Shrug_221805058
-18.016251,-24.377501,-9.537500,0.755912,0.014518,0.429806,Dumbbell_ Shoulder_Shrug_221805058
-20.973749,-23.327499,-9.765000,0.806847,0.066429,0.464393,Dumbbell_ Shoulder_Shrug_221805058
-21.813749,-21.367500,-10.788750,0.835029,0.095221,0.480924,Dumbbell_ Shoulder_Shrug_221805058
-19.346251,-20.702499,-13.238750,0.829722,0.099796,0.474031,Dumbbell_ Shoulder_Shrug_221805058
-14.367500,-21.402500,-15.951250,0.822585,0.098271,0.464149,Dumbbell_ Shoulder_Shrug_221805058
-8.706250,-22.356251,-17.841249,0.826489,0.111569,0.463051,Dumbbell_ Shoulder_Shrug_221805058
-2.948750,-21.446251,-17.893749,0.834419,0.134688,0.465857,Dumbbell_ Shoulder_Shrug_221805058
7.665000,-19.670000,-16.660000,0.836493,0.139934,0.465186,Dumbbell_ Shoulder_Shrug_221805058
14.131250,-17.998751,-15.058750,0.828868,0.110898,0.467626,Dumbbell_ Shoulder_Shrug_221805058
21.428749,-17.027500,-13.483750,0.816851,0.081740,0.476410,Dumbbell_ Shoulder_Shrug_221805058
28.008751,-16.266251,-12.215000,0.807640,0.055754,0.491294,Dumbbell_ Shoulder_Shrug_221805058
33.013748,-15.312500,-11.488750,0.806237,0.034770,0.505507,Dumbbell_ Shoulder_Shrug_221805058
36.128750,-14.227500,-11.313750,0.802516,0.010248,0.513559,Dumbbell_ Shoulder_Shrug_221805058
37.817501,-12.241250,-11.068750,0.798673,-0.017934,0.517646,Dumbbell_ Shoulder_Shrug_221805058
38.368752,-10.745000,-10.263750,0.794281,-0.051057,0.525576,Dumbbell_ Shoulder_Shrug_221805058
37.257500,-9.721250,-9.397500,0.793732,-0.077043,0.532835,Dumbbell_ Shoulder_Shrug_221805058
34.658749,-9.161250,-8.496250,0.807457,-0.095404,0.549488,Dumbbell_ Shoulder_Shrug_221805058
29.933750,-7.988750,-7.796250,0.836615,-0.101260,0.570350,Dumbbell_ Shoulder_Shrug_221805058
19.267500,-6.431250,-7.420000,0.875045,-0.093513,0.585051,Dumbbell_ Shoulder_Shrug_221805058
11.541250,-4.690000,-7.516250,0.915976,-0.084363,0.596336,Dumbbell_ Shoulder_Shrug_221805058
4.795000,-4.033750,-8.041250,0.972401,-0.066978,0.607987,Dumbbell_ Shoulder_Shrug_221805058
-1.120000,-4.453750,-9.021250,1.010648,-0.044286,0.610061,Dumbbell_ Shoulder_Shrug_221805058
-5.810000,-5.932500,-10.220000,1.039013,-0.018300,0.606767,Dumbbell_ Shoulder_Shrug_221805058
-9.415000,-7.367500,-13.326250,1.049932,0.004392,0.601521,Dumbbell_ Shoulder_Shrug_221805058
-11.576250,-9.572500,-11.935000,1.051030,0.018117,0.593713,Dumbbell_ Shoulder_Shrug_221805058
-12.967500,-12.215000,-12.066250,1.047614,0.024278,0.585295,Dumbbell_ Shoulder_Shrug_221805058
-13.956250,-17.123751,-11.900000,1.043466,0.022875,0.580110,Dumbbell_ Shoulder_Shrug_221805058
-14.901250,-18.681250,-11.462500,1.031266,0.016226,0.572485,Dumbbell_ Shoulder_Shrug_221805058
-15.925000,-21.000000,-11.121250,1.013454,0.003782,0.565165,Dumbbell_ Shoulder_Shrug_221805058
-0.761250,-4.375000,-7.367500,0.914024,0.047092,0.475739,Dumbbell_ Shoulder_Shrug_221805058
-1.050000,-4.173750,-6.728750,0.915427,0.048007,0.474580,Dumbbell_ Shoulder_Shrug_221805058
-0.892500,-4.200000,-6.405000,0.936045,0.046848,0.476776,Dumbbell_ Shoulder_Shrug_221805058
-0.848750,-4.208750,-5.853750,0.923906,0.047153,0.478179,Dumbbell_ Shoulder_Shrug_221805058
-0.700000,-4.068750,-5.075000,0.928237,0.044835,0.480009,Dumbbell_ Shoulder_Shrug_221805058
-14.787500,-14.122500,22.680000,0.831979,0.059902,0.468602,Dumbbell_ Shoulder_Shrug_221805058
-14.446250,-14.673750,23.126249,0.853390,0.077470,0.477996,Dumbbell_ Shoulder_Shrug_221805058
-13.221250,-15.207500,23.738750,0.866932,0.096502,0.488427,Dumbbell_ Shoulder_Shrug_221805058
-10.403750,-16.292500,24.123751,0.868884,0.100101,0.496601,Dumbbell_ Shoulder_Shrug_221805058
-6.693750,-17.841249,23.887501,0.857172,0.095404,0.502945,Dumbbell_ Shoulder_Shrug_221805058
-2.756250,-19.013750,23.030001,0.834907,0.091378,0.506727,Dumbbell_ Shoulder_Shrug_221805058
0.236250,-19.818750,22.006250,0.818132,0.089731,0.514047,Dumbbell_ Shoulder_Shrug_221805058
2.861250,-19.433750,21.393749,0.800015,0.085888,0.517097,Dumbbell_ Shoulder_Shrug_221805058
5.206250,-19.004999,21.516251,0.781898,0.080520,0.519598,Dumbbell_ Shoulder_Shrug_221805058
7.288750,-18.217501,21.647499,0.772931,0.070638,0.524600,Dumbbell_ Shoulder_Shrug_221805058
10.622500,-17.570000,21.778749,0.767746,0.066490,0.531981,Dumbbell_ Shoulder_Shrug_221805058
12.363750,-16.205000,21.594999,0.759816,0.061183,0.536617,Dumbbell_ Shoulder_Shrug_221805058
14.096250,-15.286250,20.781250,0.737002,0.047763,0.540948,Dumbbell_ Shoulder_Shrug_221805058
14.691250,-14.411250,19.424999,0.724009,0.035746,0.543510,Dumbbell_ Shoulder_Shrug_221805058
14.945000,-13.615000,17.622499,0.713456,0.023485,0.542534,Dumbbell_ Shoulder_Shrug_221805058
14.498750,-12.862500,15.006250,0.707295,0.012200,0.543571,Dumbbell_ Shoulder_Shrug_221805058
13.886250,-12.416250,13.781250,0.710162,0.003965,0.545035,Dumbbell_ Shoulder_Shrug_221805058
12.678750,-11.401250,12.766250,0.720166,0.006527,0.548573,Dumbbell_ Shoulder_Shrug_221805058
11.585000,-10.438750,12.048750,0.730902,0.010553,0.554063,Dumbbell_ Shoulder_Shrug_221805058
10.613750,-9.791250,11.681250,0.745725,0.019520,0.563945,Dumbbell_ Shoulder_Shrug_221805058
9.922500,-9.248750,11.173750,0.759450,0.032330,0.570655,Dumbbell_ Shoulder_Shrug_221805058
10.167500,-9.336250,10.456250,0.763415,0.033184,0.574010,Dumbbell_ Shoulder_Shrug_221805058
10.447500,-9.432500,9.301250,0.739808,0.024522,0.571204,Dumbbell_ Shoulder_Shrug_221805058
10.036250,-9.476250,7.796250,0.735782,0.013603,0.565470,Dumbbell_ Shoulder_Shrug_221805058
8.793750,-9.502500,6.282500,0.723582,0.008174,0.561993,Dumbbell_ Shoulder_Shrug_221805058
6.816250,-9.397500,2.528750,0.720410,0.004270,0.560102,Dumbbell_ Shoulder_Shrug_221805058
4.305000,-8.688750,3.018750,0.718580,0.004575,0.555405,Dumbbell_ Shoulder_Shrug_221805058
1.513750,-8.496250,1.575000,0.718763,0.004453,0.532103,Dumbbell_ Shoulder_Shrug_221805058
-0.761250,-8.076250,-0.236250,0.721874,0.005124,0.538020,Dumbbell_ Shoulder_Shrug_221805058
-2.765000,-8.093750,-2.091250,0.723704,0.008845,0.524966,Dumbbell_ Shoulder_Shrug_221805058
-6.623750,-8.303750,-3.928750,0.721996,0.029829,0.511729,Dumbbell_ Shoulder_Shrug_221805058
-6.195000,-8.461250,-5.293750,0.724009,0.022997,0.498431,Dumbbell_ Shoulder_Shrug_221805058
-7.245000,-7.901250,-6.282500,0.724070,0.035380,0.488122,Dumbbell_ Shoulder_Shrug_221805058
-7.078750,-7.280000,-7.192500,0.735599,0.045689,0.477935,Dumbbell_ Shoulder_Shrug_221805058
-5.381250,-6.396250,-8.032500,0.735965,0.050203,0.467260,Dumbbell_ Shoulder_Shrug_221805058
-2.450000,-5.950000,-8.907500,0.734501,0.051789,0.453962,Dumbbell_ Shoulder_Shrug_221805058
1.540000,-5.845000,-9.511250,0.737246,0.051606,0.447313,Dumbbell_ Shoulder_Shrug_221805058
5.976250,-6.011250,-8.758750,0.750971,0.058743,0.452925,Dumbbell_ Shoulder_Shrug_221805058
10.106250,-5.906250,-7.061250,0.770979,0.075762,0.459147,Dumbbell_ Shoulder_Shrug_221805058
14.113750,-4.891250,-5.390000,0.784948,0.090219,0.476349,Dumbbell_ Shoulder_Shrug_221805058
18.305000,-3.115000,-4.550000,0.789767,0.091256,0.487878,Dumbbell_ Shoulder_Shrug_221805058
25.156250,-2.135000,-4.961250,0.781898,0.072468,0.502335,Dumbbell_ Shoulder_Shrug_221805058
29.268749,-1.837500,-6.037500,0.774090,0.050386,0.520391,Dumbbell_ Shoulder_Shrug_221805058
31.780001,-1.785000,-7.481250,0.771650,0.036478,0.540704,Dumbbell_ Shoulder_Shrug_221805058
32.060001,-1.102500,-8.907500,0.795257,0.026535,0.565348,Dumbbell_ Shoulder_Shrug_221805058
29.959999,0.105000,-9.887500,0.822158,0.025986,0.589321,Dumbbell_ Shoulder_Shrug_221805058
26.495001,1.925000,-10.981250,0.844728,0.027206,0.601582,Dumbbell_ Shoulder_Shrug_221805058
23.371250,3.955000,-12.853750,0.850340,0.029463,0.592920,Dumbbell_ Shoulder_Shrug_221805058
19.573750,4.611250,-12.556250,0.866444,0.007808,0.582245,Dumbbell_ Shoulder_Shrug_221805058
16.485001,4.961250,-15.863750,0.889136,-0.004880,0.583770,Dumbbell_ Shoulder_Shrug_221805058
16.616249,6.335000,-20.186251,0.888648,-0.012566,0.563457,Dumbbell_ Shoulder_Shrug_221805058
16.581249,5.643750,-22.916250,0.870714,-0.018300,0.540277,Dumbbell_ Shoulder_Shrug_221805058
14.446250,4.200000,-23.441250,0.861930,-0.032147,0.517341,Dumbbell_ Shoulder_Shrug_221805058
11.655000,3.692500,-22.365000,0.850828,-0.046116,0.499773,Dumbbell_ Shoulder_Shrug_221805058
8.566250,2.003750,-20.615000,0.829539,-0.066490,0.492514,Dumbbell_ Shoulder_Shrug_221805058
5.556250,-0.385000,-19.346251,0.838567,-0.085827,0.488549,Dumbbell_ Shoulder_Shrug_221805058
2.511250,-3.228750,-18.882500,0.844057,-0.093269,0.495137,Dumbbell_ Shoulder_Shrug_221805058
-1.951250,-6.116250,-18.803749,0.866200,-0.080947,0.512461,Dumbbell_ Shoulder_Shrug_221805058
-7.612500,-7.385000,-18.795000,0.894687,-0.058255,0.534421,Dumbbell_ Shoulder_Shrug_221805058
-13.658750,-8.032500,-19.215000,0.916159,-0.042822,0.553026,Dumbbell_ Shoulder_Shrug_221805058
-18.655001,-10.036250,-20.518749,0.931836,-0.032330,0.575291,Dumbbell_ Shoulder_Shrug_221805058
-22.190001,-11.488750,-22.373751,0.939766,-0.016897,0.573522,Dumbbell_ Shoulder_Shrug_221805058
-24.858749,-12.153750,-25.243750,0.942999,0.013786,0.557052,Dumbbell_ Shoulder_Shrug_221805058
-25.620001,-11.322500,-28.000000,0.947574,0.047092,0.540094,Dumbbell_ Shoulder_Shrug_221805058
-24.605000,-9.800000,-29.260000,0.953308,0.059292,0.531188,Dumbbell_ Shoulder_Shrug_221805058
-23.318750,-8.820000,-28.612499,0.958249,0.064843,0.520818,Dumbbell_ Shoulder_Shrug_221805058
-21.026251,-8.435000,-27.536249,0.958371,0.064904,0.503677,Dumbbell_ Shoulder_Shrug_221805058
-17.893749,-7.726250,-26.372499,0.950624,0.056913,0.482632,Dumbbell_ Shoulder_Shrug_221805058
-14.183750,-6.868750,-25.637501,0.937875,0.046055,0.462563,Dumbbell_ Shoulder_Shrug_221805058
-9.808750,-6.343750,-24.272499,0.917806,0.035746,0.436943,Dumbbell_ Shoulder_Shrug_221805058
-4.865000,-5.757500,-22.820000,0.894870,0.017629,0.396744,Dumbbell_ Shoulder_Shrug_221805058
0.140000,-5.958750,-20.483749,0.870592,-0.003538,0.383141,Dumbbell_ Shoulder_Shrug_221805058
4.331250,-6.221250,-17.745001,0.854793,-0.026535,0.378139,Dumbbell_ Shoulder_Shrug_221805058
7.183750,-6.711250,-14.708750,0.855159,-0.043493,0.391437,Dumbbell_ Shoulder_Shrug_221805058
8.373750,-6.667500,-11.138750,0.885964,-0.042273,0.424926,Dumbbell_ Shoulder_Shrug_221805058
6.825000,-6.833750,-7.577500,0.945866,-0.018910,0.465247,Dumbbell_ Shoulder_Shrug_221805058
5.486250,-6.002500,-4.681250,1.007232,-0.000061,0.489708,Dumbbell_ Shoulder_Shrug_221805058
6.396250,-6.282500,-3.771250,1.007903,-0.005185,0.502091,Dumbbell_ Shoulder_Shrug_221805058
9.423750,-8.312500,-4.252500,0.987407,-0.017446,0.511363,Dumbbell_ Shoulder_Shrug_221805058
13.317500,-11.261250,-4.655000,0.971791,-0.016226,0.530517,Dumbbell_ Shoulder_Shrug_221805058
15.172500,-13.702500,-3.325000,0.963800,-0.005124,0.557418,Dumbbell_ Shoulder_Shrug_221805058
15.190000,-14.341250,-1.470000,0.962458,0.003721,0.595909,Dumbbell_ Shoulder_Shrug_221805058
13.772500,-13.711250,0.026250,0.950807,-0.006222,0.607804,Dumbbell_ Shoulder_Shrug_221805058
11.803750,-13.352500,0.752500,0.930616,-0.023363,0.611830,Dumbbell_ Shoulder_Shrug_221805058
7.043750,-14.262500,0.936250,0.920673,-0.046421,0.613965,Dumbbell_ Shoulder_Shrug_221805058
6.238750,-14.595000,-1.032500,0.910974,-0.058377,0.612440,Dumbbell_ Shoulder_Shrug_221805058
4.383750,-14.437500,-3.850000,0.869372,-0.069479,0.595848,Dumbbell_ Shoulder_Shrug_221805058
1.452500,-15.540000,-6.195000,0.842715,-0.083936,0.579378,Dumbbell_ Shoulder_Shrug_221805058
-2.870000,-16.537500,-7.131250,0.833748,-0.097051,0.566690,Dumbbell_ Shoulder_Shrug_221805058
-8.268750,-17.150000,-7.140000,0.843203,-0.103822,0.563396,Dumbbell_ Shoulder_Shrug_221805058
-14.612500,-17.850000,-6.833750,0.862235,-0.104066,0.564555,Dumbbell_ Shoulder_Shrug_221805058
-21.148750,-17.639999,-7.183750,0.893772,-0.097539,0.564616,Dumbbell_ Shoulder_Shrug_221805058
-27.160000,-19.985001,-7.980000,0.924394,-0.080032,0.562237,Dumbbell_ Shoulder_Shrug_221805058
-32.278751,-18.252501,-8.680000,0.953674,-0.053802,0.553575,Dumbbell_ Shoulder_Shrug_221805058
-35.271252,-18.768749,-9.117500,0.976610,-0.006832,0.547170,Dumbbell_ Shoulder_Shrug_221805058
-35.726250,-18.795000,-8.837500,0.996496,0.027999,0.544059,Dumbbell_ Shoulder_Shrug_221805058
-33.573750,-19.223749,-7.507500,1.011380,0.052582,0.541741,Dumbbell_ Shoulder_Shrug_221805058
-29.802500,-18.969999,-5.775000,1.000156,0.070821,0.544791,Dumbbell_ Shoulder_Shrug_221805058
-25.112499,-19.355000,-3.640000,0.999302,0.073139,0.541009,Dumbbell_ Shoulder_Shrug_221805058
-20.431250,-19.626249,-1.820000,0.982100,0.069540,0.534055,Dumbbell_ Shoulder_Shrug_221805058
-16.003750,-19.162500,2.012500,0.964166,0.060817,0.529663,Dumbbell_ Shoulder_Shrug_221805058
-12.818750,-18.865000,1.373750,0.957761,0.061366,0.533506,Dumbbell_ Shoulder_Shrug_221805058
-10.141250,-17.753750,2.170000,0.964288,0.066551,0.534238,Dumbbell_ Shoulder_Shrug_221805058
-7.805000,-15.706250,2.992500,0.969717,0.070272,0.524905,Dumbbell_ Shoulder_Shrug_221805058
-5.092500,-14.498750,3.150000,0.961787,0.061305,0.504958,Dumbbell_ Shoulder_Shrug_221805058
-1.303750,-14.008750,3.018750,0.943670,0.045689,0.480924,Dumbbell_ Shoulder_Shrug_221805058
5.687500,-14.201250,3.220000,0.923174,0.021228,0.466223,Dumbbell_ Shoulder_Shrug_221805058
9.555000,-14.796250,4.462500,0.905179,0.009577,0.453718,Dumbbell_ Shoulder_Shrug_221805058
12.670000,-15.041250,6.676250,0.886940,-0.007015,0.446520,Dumbbell_ Shoulder_Shrug_221805058
15.242500,-15.330000,9.371250,0.875472,-0.023058,0.446703,Dumbbell_ Shoulder_Shrug_221805058
16.957500,-15.671250,11.882500,0.868091,-0.039040,0.447862,Dumbbell_ Shoulder_Shrug_221805058
18.103750,-16.397499,15.732500,0.857721,-0.043920,0.451644,Dumbbell_ Shoulder_Shrug_221805058
18.628750,-16.388750,17.902500,0.854671,-0.040443,0.459147,Dumbbell_ Shoulder_Shrug_221805058
19.066250,-16.948750,19.985001,0.845460,-0.036539,0.481534,Dumbbell_ Shoulder_Shrug_221805058
19.372499,-17.482500,21.743750,0.843630,-0.031171,0.482815,Dumbbell_ Shoulder_Shrug_221805058
19.459999,-17.500000,23.563749,0.854061,-0.015006,0.497394,Dumbbell_ Shoulder_Shrug_221805058
19.232500,-16.555000,25.287500,0.872422,0.024400,0.517158,Dumbbell_ Shoulder_Shrug_221805058
19.844999,-15.522500,26.363750,0.889685,0.040687,0.529846,Dumbbell_ Shoulder_Shrug_221805058
22.181250,-14.140000,26.530001,0.893833,0.046177,0.531005,Dumbbell_ Shoulder_Shrug_221805058
25.121250,-13.326250,26.355000,0.883585,0.049715,0.526735,Dumbbell_ Shoulder_Shrug_221805058
28.070000,-12.442500,26.110001,0.879437,0.054168,0.527650,Dumbbell_ Shoulder_Shrug_221805058
30.222500,-10.736250,26.424999,0.879681,0.058804,0.531066,Dumbbell_ Shoulder_Shrug_221805058
31.053749,-9.336250,27.895000,0.883158,0.061061,0.534787,Dumbbell_ Shoulder_Shrug_221805058
30.590000,-7.568750,28.594999,0.879925,0.052765,0.535458,Dumbbell_ Shoulder_Shrug_221805058
29.601250,-7.253750,28.428749,0.874435,0.044164,0.529724,Dumbbell_ Shoulder_Shrug_221805058
28.096251,-7.297500,27.168751,0.876326,0.044469,0.524478,Dumbbell_ Shoulder_Shrug_221805058
26.223749,-7.822500,25.235001,0.878583,0.054717,0.515816,Dumbbell_ Shoulder_Shrug_221805058
24.167500,-8.233750,22.872499,0.873764,0.062952,0.499224,Dumbbell_ Shoulder_Shrug_221805058
22.286249,-9.248750,20.772499,0.863882,0.062586,0.479094,Dumbbell_ Shoulder_Shrug_221805058
22.014999,-10.561250,18.733749,0.834907,0.059414,0.463478,Dumbbell_ Shoulder_Shrug_221805058
21.778749,-12.022500,17.403749,0.834358,0.059536,0.452437,Dumbbell_ Shoulder_Shrug_221805058
21.446251,-12.888750,16.651251,0.844057,0.069418,0.455609,Dumbbell_ Shoulder_Shrug_221805058
